user_nickname,userIdNo,comments,visible,replyLevel,regTime,parentCommentNo,sympathyCount,antipathyCount,replyAllCount
gump****,7Lkf3,아직도 부수과표집이야. 중도층에서 20%차이나는데 고작6%차이가 말이되나? 그리고 평소응답률 5%내외로 나오던게14%넘는것도 이상하고. 게다가 김문수가 국힘1위인것도 밀이안돼...,True,1,2025-02-21T11:07:33+0900,851927007355732191,160,34,13
wise****,6SFUM,ㅋㅋㅋ한국인이 이걸 믿는다고?,True,1,2025-02-21T13:46:39+0900,851937256691204328,128,8,3
jk00****,LbBk,한겨레에서  이재명을 100%라해도 이상하지않을텐데ᆢ 한겨레잖아  완전죄파언론,True,1,2025-02-21T12:42:20+0900,851933113222168702,97,21,3
jhp2****,3ouhe,"여론조사는 한국갤럽이 조사 발표하였는데, 한겨례를 욕하는 2찍 犬.豚 들...",True,1,2025-02-21T11:05:09+0900,851926852149706815,119,73,9
smdl****,4AINK,ㅋㅋㅋㅋㅋ조작 좀 그만해라 탄핵반대집회보면 모르냐?,True,1,2025-02-21T14:36:06+0900,851940442734854189,39,2,1
eyug****,29CCG,반대 34%는 뭐니? 총칼로 공산화 해서 김일성이 처럼 독재자 돼면 세금 배터지게 해 쳐먹고 너희들 끼리만 잘 살고 서민들은 노예로 살겠지 그래서 부당하게 지출한 예산 삭감 하니 난리질 이었잖아? 윤석렬을 사형하고 내란공범 최상목을 파면 구속하고 내란공범들 전부 구속해서 본데를 보여 줘야 모방범죄를 막을 수 있다.,True,1,2025-02-21T11:15:56+0900,851927546827112873,102,74,12
whdu****,6taLA,가짜여론조사 그만합시다,True,1,2025-02-21T14:48:29+0900,851941240743133359,28,0,0
sjka****,briIx,한겨레 아~ 믿는사람 없죠?,True,1,2025-02-21T12:24:26+0900,851931960627429537,18,1,0
lege****,4VPgs,웃기네 여론조작질........,True,1,2025-02-21T12:33:13+0900,851932526137049178,18,2,1
elan****,4y11x,석열이 계엄 탄핵되고 쏟아진 가짜뉴스 대부분 국힘놈들이 시작이지. 거짓 선동하는거 보고도 지지한다는 34%는 대체 뇌가 없는건가. 저놈들한테 속아 표를 준다는게 분하지도 않은가?,True,1,2025-02-21T11:28:04+0900,851928328209170460,33,21,2
ajrr****,3WvlQ,이재명이 국민위한다는 사람이 자기한테 항의했다 쳐 때리고 고소하라고 하고. 청년예산 삭감부터. 경찰 국정원예산 0으로 만드냐?!!! 범죄 소굴로 만들려는 거아니야. 이제 국민 위하는거냐. 국민들위한 예산 전액 삭감하고. 25만원 먹고 떨어져라 이거냐,True,1,2025-02-21T14:10:50+0900,851938815311348039,13,1,0
smsq****,94Rdy,탄핵반대 100%,True,1,2025-02-21T20:43:10+0900,851964090623459382,12,0,0
free****,dMrTM,찢이 언론사 겁박하니 알아서 조작질하네 ᆢ 이러니 계엄이 필요했지~~,True,1,2025-02-21T11:52:51+0900,851929925131698500,12,0,2
shyu****,2ScW6,2찍이 댓글단에 들어가는 예산이 줄어들면 들수록....당연한 결과겠지....ㅋㅋㅋㅋ,True,1,2025-02-21T10:43:22+0900,851925449306013857,27,16,1
risa****,14qwL,아니.. 반대집회 인원수만 봐도 60프로는 탄핵 반대를 외치는거같은데.. 이건 또 민주당이 손보고 내보내는 여론조사인가보군 드럽다 ㅋ,True,1,2025-02-21T16:39:17+0900,851948378274136186,11,3,1
jjta****,2tWKl,좌파들 조작 그만해라 우덜식끼리 여론조사 안믿는다 ㅋㅋㅋ 그리고 더욱 한계레는 믿고 거른다,True,1,2025-02-21T17:16:00+0900,851950744348131329,10,2,2
skui****,8gmvE,이래서 국민이 이신문을 한걸래라고 하는거임 이 한걸래는 빨아도 안되고 폐기처분이 마땅함,True,1,2025-02-21T18:34:27+0900,851955798216015995,8,0,0
shab****,qkQ9,2찍들 또 댓글조작하러 와야지ㅋㅋ,True,1,2025-02-21T10:40:30+0900,851925264320430268,12,5,1
zeni****,1Y662,폭도들 부추겨 법원을 공격하고 국회를 공격하고 그런자를 아직도34%나 지지하는 정신나간 사람이 많네,True,1,2025-02-21T12:45:21+0900,851933307854651505,11,5,0
a214****,Zbsd,한겨래 문닫아라 언론사 사명감 흐리지말고,True,1,2025-02-21T19:58:17+0900,851961199305162838,6,0,0
seun****,2T0Yd,탄핵찬성 80프로,True,1,2025-02-21T11:17:13+0900,851927629924663399,24,19,2
rlae****,,,False,1,2025-02-21T11:38:44+0900,851929015907254547,0,0,4
dcro****,2PbO4,ㅋㅋㅋㅋ 한걸래,True,1,2025-02-21T21:04:00+0900,851965432934957062,7,2,0
wonj****,14gSd,역시 한겨래. 좌파의 선봉,True,1,2025-02-21T17:18:27+0900,851950902355951775,7,2,0
kimh****,3cfi0,탄핵반대 60%  잘못나온거다,True,1,2025-02-21T17:33:47+0900,851951889544118574,6,1,0
sw30****,PgWB,한겨레 답다..,True,1,2025-02-21T20:39:23+0900,851963846850510959,5,0,1
sil8****,buky5,믿고 거르는 한 걸  레 ~~~,True,1,2025-02-21T14:05:01+0900,851938440642560007,5,0,0
pgih****,AeIz,계엄이 장난이니?  계엄의 후폭풍은 생각지도 않고 술 김에 비상계엄령 선포해버린 윤의 행동은  어떠한 이유로도 정당화 되거나  용납될 수 없어  ////,True,1,2025-02-21T13:05:02+0900,851934575725641741,11,7,0
mk72****,3p9cj,"ㅋㅋ
구라
주변 국민이 뽑은 대통령 사기 탄핵시키고 나라 어지럽힌다고 얘기한다",True,1,2025-02-21T19:01:21+0900,851957530849443943,5,1,0
jung****,26Rl9,김문수가 내란의힘 대권주자로 올라서길!!!!!,True,1,2025-02-21T12:52:12+0900,851933749229650002,5,1,0
seun****,ZvF8,아직도 이런 보도가 있나? MBC JTBC 한편이네...에구구 매국노들,True,1,2025-02-22T00:31:27+0900,851978797430341719,4,0,1
ttl9****,1T1li,한겨레ㅋㅋ,True,1,2025-02-21T20:59:17+0900,851965129552560213,4,0,0
ha11****,3lA1N,"웃기고 자빠졌다
간첩언론",True,1,2025-02-21T14:28:49+0900,851939973123801382,4,0,0
yeob****,2Zh49,탄핵반대는 경상도와 개신교 연합이다 윤석열이 국호를 윤석열왕조  건국하거나 일본통치 받는다 해도 지지하는 동네다,True,1,2025-02-21T12:41:08+0900,851933035543658553,4,0,0
pros****,GbGp,탄핵찬성이 겨우 60프로 뿐이라고... 이 나라에 제정신을 가진 사람이 60프로뿐이라고... 믿을 수가 없다.,True,1,2025-02-21T12:08:15+0900,851930917302698086,13,10,3
neto****,24npI,국내 여론조사 중 그래도 민심을 잘 읽어내는 결과다. 윤석열 탄핵반대가 34%나 나온 것은 보수꼴통 유튜버들과 지라시 언론에 세뇌당한 노인들 때문이니 신경 쓸 필요없다.,True,1,2025-02-21T11:36:41+0900,851928883400802565,7,4,1
koot****,1x4Pj,중도지표를 봐라...2찍덜... 2배차이난다... 한번도 변하지 않았어... 정신승리 열씨미해... 조작도 열씨미하고... 매국 2찍 친일놈들...,True,1,2025-02-21T10:42:49+0900,851925413117559129,6,3,0
popo****,2V1US,모든게 사기꾼거니로 부터 시작된 작품~윤가놈 검새 시절부터 사기꾼거니가 검새했고 대통질 할때도 사기꾼거니가 대통였다~그걸 아직도 모르냐~2찍 개돼지들아~,True,1,2025-02-21T12:51:10+0900,851933682489884734,5,2,0
jsy1****,,,False,1,2025-02-21T17:03:46+0900,851949956372627750,0,0,0
wile****,1MQV,한겨레 ㅋㅋㅋㅋ 좌파나 믿겠지,True,1,2025-02-21T15:05:28+0900,851942334214963363,4,1,0
yeon****,7jDxE,반대하는 것들은 민주주의가 싫다는 건가요??,True,1,2025-02-21T12:27:56+0900,851932185240797546,4,1,2
kkm5****,10uAP,국민을 상대로 경각심 위해 비상계엄 해대는 사람을 대통령으로 일하게 하면 안된다!!!!,True,1,2025-02-21T12:19:28+0900,851931639880614062,4,1,0
999g****,8K3kG,니들이 언론이냐?? 소설을 써라 한겨레 출판사~~~,True,1,2025-02-21T22:15:24+0900,851970033096589422,3,0,0
toyt****,17uYC,개웃기네 윤통지지율이 더낮다고?ㅋㅋㄱㄱ눈에보이는것만 70프로는되는거같다ㅋㅋ,True,1,2025-02-21T21:40:51+0900,851967806609031416,3,0,0
xato****,1hp9Z,댓글 따봉 부대 퇴근 했나보네?,True,1,2025-02-21T20:59:24+0900,851965136649322612,3,0,0
univ****,cTaeq,한겨레  본사가 평양에있고 거기 사장이 시진핑이이지,True,1,2025-02-21T20:53:26+0900,851964751964536953,3,0,0
jaoh****,rF3M,사기도 사기도 여론조사 대체 어캐하는건지???,True,1,2025-02-21T18:43:45+0900,851956397414285549,3,0,0
7472****,dW9gq,"탄핵찬성60%라?
에휴
그래좌파들아
재명이당선시키고니들원하는대로종중,종북에나라바치고
나중에만세외치거라
뭔짓을해도좌파뇌리에박힌사상은변하지않구나
이제는대한민국이서서히망하는걸지켜봐야하는구나
위대한대한민국이여
안녕",True,1,2025-02-21T18:24:54+0900,851955183096168750,3,0,1
youn****,,,False,1,2025-02-21T17:00:55+0900,851949772628558164,0,0,0
gydu****,,,False,1,2025-02-21T16:39:27+0900,851948388978000035,0,0,0
noho****,2gZCq,한겨레기사는 그냥 흘러보내라 신뢰도 제로,True,1,2025-02-21T16:23:06+0900,851947336224473119,3,0,0
s002****,,,False,1,2025-02-21T16:03:41+0900,851946084828709100,0,0,0
wgba****,eSztS,조작을 해도 정도껏해야지.아무리 좌파 갤럽이라도 이건 아니지. 갤럽은 이제 쓰레기니까 거른다.,True,1,2025-02-21T15:43:11+0900,851944763992047696,3,0,0
yoos****,R85J,뭐야 이건,True,1,2025-02-21T14:30:02+0900,851940051892830215,3,0,0
pete****,3Tdex,우리 걸레는 여론조사를 목인데려다하노?,True,1,2025-02-21T13:58:10+0900,851937999301115971,3,0,0
obey****,3CQ4U,"윤가게--&gt;놈이 풀려나면 반드시 2차계엄을 해서  헌법재판관부터 이재명, 한동훈과 홍장원을 먼저 죽일 거다. 의사들도 죽이겠지 저 게--&gt;놈이 그러고도 남는다.",True,1,2025-02-21T13:00:01+0900,851934252244140047,3,0,0
drag****,,,False,1,2025-02-21T12:51:20+0900,851933692673654905,0,0,1
alsl****,,,False,1,2025-02-21T12:46:12+0900,851933362581930068,0,0,0
oxyg****,,,False,1,2025-02-21T12:31:56+0900,851932443106607410,0,0,0
cumu****,,,False,1,2025-02-21T13:20:36+0900,851935578717946070,0,0,1
jung****,1aPpn,2찍들아 여론 조작 시작 됐다고 또 발광 해야지? ㅎㅎ,True,1,2025-02-21T10:48:33+0900,851925782820290780,7,5,0
dieh****,2g5yM,지금 극우들 집단 맨붕 상태입니다. 2030이 돌아서고 탄핵반대가 60%에 이른다고 주장했는데 이게 우찌된거냐구요? 전한길이 지금 쓰러지고 있는 중...ㅎㅎㅎ,True,1,2025-02-21T11:28:08+0900,851928332655132727,6,4,1
joos****,,,False,1,2025-02-21T13:12:07+0900,851935031763927085,0,0,0
onej****,382jS,탄핵찬성과 민주당 그리고 이재명에관한 지지율은 훨씬  더 높을것이다,True,1,2025-02-21T12:27:31+0900,851932158867013817,5,3,0
wldk****,afwMs,저걸 누가믿냐!!  전국의 대학교들이 시국선언하고있고 탄핵반대 집회를 봐봐라 저 지지율이 거짓이지 윤대통령 지지율 60프로 넘는다,True,1,2025-02-21T13:40:31+0900,851936862023975111,4,2,1
cjy1****,3oQXz,ㅋㅋㅋㅋ그럴ㄹ리가 전주사는데 90퍼이상이 민주당 지지안함,True,1,2025-02-21T11:51:01+0900,851929806986543121,4,2,2
gang****,5DNBx,34% 뭐냐 내란당은 해산 해야지.,True,1,2025-02-21T11:31:50+0900,851928571512357209,4,2,0
jinb****,fFQU,"내란수괴 윤석열 파면이 확실해지니 극우 결집, 과표집도 점점 시들시들해지는군. 다음주는 갤럽 탄핵찬성 65% 넘을듯",True,1,2025-02-21T11:18:40+0900,851927722618781968,4,2,0
jung****,1NEuI,"내란당은 극우세력이다 윤수괴가
전원탄핵인용 이후에는
내란 동조 묵인 공천개입등으로
김건희는 구속 내란의 힘은 해산될거다",True,1,2025-02-23T13:41:49+0900,852122487893262516,3,1,0
fox6****,r2Sp,구라도 적당히쳐라 국민들이 바보로보이냐?,True,1,2025-02-22T10:22:58+0900,852016906222174446,3,1,0
cowz****,35BYh,ㅋㅋㅋㅋ 전국 대학생들이 다 시국선언하고 탄핵반대집회가 압승하며 심지어 홈그라운드인 광주에서마저 10배의 인원차이가 났는데 지지율 조사는 정반대ㅋㅋㅋ  언제까지 속일수 있을것 같냐??,True,1,2025-02-21T20:02:06+0900,851961444638392346,3,1,0
ksy7****,,,False,1,2025-02-21T13:11:08+0900,851934968497045555,0,0,0
ymj6****,18Fng,"여론조사에 관심없는데
너무 국민정서와 다르게 돌아가는듯해서 참여하게됨
대통령의 비상적 언행을 보고 처음엔 당연해서
구지 여론조사에 참여할필요있냐고 하면서
관심밖이었는데 극우들이 너무 설치는바람에
이건아니다 싶었다 그들의 말이 여론으로 착각할듯해서",True,1,2025-02-21T12:57:55+0900,851934117170774357,3,1,0
dsji****,2XmLE,개딸들 대상으로 여론조사 했냐?,True,1,2025-02-21T12:44:09+0900,851933229890928699,3,1,1
jins****,5kt1h,내란  옹호당이  저정도라니...  이것도 괴표집 입니다.  19%정도가  정상 입니다.,True,1,2025-02-21T12:37:47+0900,851932819788661037,3,1,0
miro****,1QibW,돈 떨어졌나??왜 극우의  힘이  50프로가  안돼는고야?? 돈 주란말이야...,True,1,2025-02-21T11:34:54+0900,851928769215070571,3,1,0
parv****,RbLA,"거짓말만하는 내란 수괴. 하루빨리 파면하고. 
우리나라를 바로 세우자",True,1,2025-02-21T11:25:06+0900,851928137619996708,3,1,0
jdas****,25uu1,극우 얘들 전화대기 하면 최대한 여론 끌어올려 보려 하는데 벌써부터 힘빠지는게 보이네,True,1,2025-02-21T11:18:08+0900,851927689030795309,3,1,0
malb****,AwYM,"중도보수면
국민의힘에입당하는거아닌가요",True,1,2025-02-22T09:01:01+0900,852011626767843332,2,0,0
dudn****,,,False,1,2025-02-22T02:50:10+0900,851987734821077009,0,0,0
army****,,,False,1,2025-02-21T22:14:47+0900,851969992713830632,0,0,0
angd****,,,False,1,2025-02-21T22:02:11+0900,851969181803872325,0,0,0
pppj****,10biA,ㅎㅎㅎ 아직도 한겨레 조작 기사 보니? ㅎㅎ 레거시 미디어 pc 언론들 이제 사람들 안믿는다 ㅎㅎㄹ,True,1,2025-02-21T21:28:28+0900,851967009540276378,2,0,0
dish****,18kt7,포기하지 말아요 문수짱~~~!!!! 꼭 대선에 국힘 대표로 나와줘요 꼬옥~~!!! ㅋㅋㅋ,True,1,2025-02-21T21:15:52+0900,851966197657239831,2,0,0
prom****,5EeUp,다른걸 다떠나서 국힘에서 김문수 1등 이거 이해 되냐?,True,1,2025-02-21T20:58:14+0900,851965061906825297,2,0,0
korn****,1ZTVo,언론들도 탄핵재판 보고 이젠 안되겠다 하여 빠르게 손절 ㅋㅋ,True,1,2025-02-21T20:10:35+0900,851961991542079667,2,0,0
ry******,26w4P,명신아 돈 떨어졌니? 화력이 뭐 시원찮다,True,1,2025-02-21T19:33:31+0900,851959603255050396,2,0,0
kjs9****,1Ivex,이런식으로 조작하네,True,1,2025-02-21T18:38:30+0900,851956058900398237,2,0,0
gskf****,edXBi,탄핵반대,True,1,2025-02-21T18:22:16+0900,851955012840980571,2,0,0
lond****,3SULn,응  안믿어,True,1,2025-02-21T18:14:04+0900,851954485298200597,2,0,0
gara****,2cbFB1,"난 또 ㅎㅎ
한겨레였네 ~^^",True,1,2025-02-21T18:10:42+0900,851954268301689045,2,0,0
801s****,,,False,1,2025-02-21T18:05:08+0900,851953909017608240,0,0,0
heji****,1VdE6,역시 한겨레 민주당신문!,True,1,2025-02-21T17:43:03+0900,851952486460686361,2,0,0
stra****,2QWu0,북괴친중찌라시 한걸레에 올려진 친이재명 여론조작회사 한국갤럽이 이정도면 이미 끝난거다.,True,1,2025-02-21T17:37:53+0900,851952154087260487,2,0,0
ndm5****,RKrg,주말집회만봐도 답나오지않나??ㅋㅋㅋ,True,1,2025-02-21T16:40:48+0900,851948476672508213,2,0,0
sss1****,50eql,"아직 안망하고있네.
신문같지도 않은...",True,1,2025-02-21T16:25:50+0900,851947512284578125,2,0,0
heal****,4EEau,탄핵만이 아니고 사형 찬성이다...,True,1,2025-02-21T16:18:47+0900,851947057689133399,2,0,0
cys7****,adLIe,한때 나도 열심히 보던 신문인데 이제는 걸레가 되었으니,True,1,2025-02-21T15:37:05+0900,851944371455524896,2,0,0
geni****,,,False,1,2025-02-21T15:29:11+0900,851943862535454779,0,0,0
kimy****,UKtn,"겁나서 민주당 입맛에 맞춘듯 
조사결과가  민주당에 불리하게 나와서 한마디 하니 바로 결과가 민주당이 좋아할 결과네
실제는 아닌데 ㅠㅠㅠ",True,1,2025-02-21T14:27:26+0900,851939883902566548,2,0,0
choi****,7EvvJ,좌편향된  언론사들 안믿은지 오래.!!!,True,1,2025-02-21T13:53:39+0900,851937707629215999,2,0,0
kiss****,SecG,극우들은 죽어도 골짐이네,True,1,2025-02-21T13:48:37+0900,851937383342407913,2,0,0
mhlo****,20kQh,거짓뉴스만 써재끼는 한겨래 폐간안하냐??,True,1,2025-02-21T13:28:12+0900,851936067757015118,2,0,0
lhj0****,2IBnp,34%가 발광하는 꼴을 어찌보누 힘들다,True,1,2025-02-21T13:20:57+0900,851935601232970084,2,0,1
ksy7****,,,False,1,2025-02-21T13:09:46+0900,851934881205190990,0,0,0
kimt****,dBdXH,사법부 하는짓보면 석열이는 탄핵된거고 이재명이는 대통령된 기분이다 대통령 탄핵이 먼저가 아니고 이재명이 감옥보내는게 먼저인데 사법부는 정반대로 가고있다 석열이가 사법부에 사람이 없어 졌다,True,1,2025-02-21T13:02:53+0900,851934437179392328,2,0,0
navy****,PnYx,윤석열 찬성34퍼센트 대구갱복 정신나간 매국노들. 절대 안바뀔것이다. 이유는 그들은 애가 크면 무조건 왜로 보낸다. 그말인즉슨 한국보다 일본이 좋은 그냥 지역임.,True,1,2025-02-21T13:01:31+0900,851934348813795494,2,0,0
rado****,2fDuA,솔직히 국힘은 석열이가 내란일으켰을때 탈당조치하고 국민들한테 싹싹빌었어야 후일도 도모할수있었는데 이젠 늦어도 너무 늦은감이 있지. 자업자득이다,True,1,2025-02-21T12:58:54+0900,851934180169220426,2,0,0
ygs8****,QilK,내란수괴 탄핵후  사형집행은  목메달과  총살중  어떤거로 하게될까???  궁금,True,1,2025-02-21T12:46:41+0900,851933393955324153,2,0,0
yah2****,VrjV,극우좀비들 뭐하냐 김문수9%가 뭐냐 분발들좀해라 벌서 지친겨?,True,1,2025-02-21T12:45:03+0900,851933288426635285,2,0,0
kjny****,pTZH,문수???????ㅋㅋㅋㅋ 여지간히 없나보네 ㅋㅋㅋ,True,1,2025-02-21T12:44:38+0900,851933262002520324,2,0,0
smh3****,2cnz,"도덕중에 상도덕들
이제 안속아요
니들의정체는  뭐다
양심은  전당포에  맡겼나",True,1,2025-02-21T12:44:06+0900,851933226820698160,2,0,0
ansg****,BASa,내란수괴로 사형 찬성 반대.  조사는 안함?,True,1,2025-02-21T12:41:04+0900,851933031718453277,2,0,0
pape****,3sYvt,"조작냄새가 난다.
악취가!난다!",True,1,2025-02-21T12:40:34+0900,851932999355203819,2,0,0
sane****,34w1E,또 가짜뉴스~ㅎㅎㅎ,True,1,2025-02-21T12:39:30+0900,851932931038380204,2,0,0
park****,7VYu6,국민의 마음은 이미 결정되어 있다. 윤석열 설레발 쳐도 소용없다. 무장 군인 헬기 침투로 국회의 질서를 유지한다고????? 말이 된다고 생각하니? 국민을 바보 취급하는 죄 = 사형,True,1,2025-02-21T12:35:44+0900,851932688607609097,2,0,0
kill****,63QuX,갑자기 바뀐것 보다는....정상으로 돌아오는 과정이다ㅋㅋㅋ,True,1,2025-02-21T12:20:02+0900,851931677159587857,2,0,0
hhhh****,8rukw,이제 근사치에 접근하네.이 국면에서 국짐 34프로면 여전히 높다.헌재 공격 하고 사이비 기독교가 지지하는 국짐이 34프로? 20프로 극우지지가  맞는듯,True,1,2025-02-21T11:32:32+0900,851928616408187081,2,0,0
byun****,tLxu,이제 정상적으로 맞아가는데~ 아직 34프로라니~ 극우 일베가 34프로나 될수가 있나?,True,1,2025-02-21T11:32:15+0900,851928597970026608,2,0,0
nott****,2BzO9,"정상화 되고 있지만  아직도 보수가 과표집  되어 있다 ,,   나쁜 보수 대형교회들",True,1,2025-02-21T11:14:50+0900,851927476127924562,2,0,0
byor****,18SaQ,"반대 34프로가 기막히다..
생각이없는거지~~
제정신이 아닌 지지자가 있으니
정신 나간 대통도 나온듯..ㅠㅠ",True,1,2025-02-21T12:19:08+0900,851931618288336940,15,14,1
park****,7VYu6,"국민은 개돼지가 아닙니다. 윤석열의 혀, 김현태의 농간, 여인형의 거짓말, 최상목의 쑈, 권영세의 허세, 권성동의 궤변에 놀아나지 않습니다. 나경원의 욕심, 김기현의 탐욕, 윤상현의 교활함을 모르지 않습니다. 이 나라는 국민의 것입니다. 국민 위에 군림하는 그 누구도 없습니다. 다시 정상화 되어야 합니다. 대한민국은 다시 앞으로 나아갈 것입니다.",True,1,2025-02-21T13:18:11+0900,851935423042158665,12,11,1
goma****,6HyDW,탄핵이 안되면 또 쿠데타 일어나고 수많은 국민들이 죽어갑니다. 꼭 탄핵시키고 사형까지 집행해야 합니다. 윤석열은 인간 살인 병기입니다. 꼭 사형시켜야 합니다. 나라를 팔아먹은 매국노이기도 합니다. 이완용보다 등급 초월  매국노입니다.,True,1,2025-02-21T12:34:51+0900,851932631497965864,6,5,1
shym****,5l4Eg,또 조작질이네~~내 주변에는 탄핵반대가 더 많더라~,True,1,2025-02-21T16:03:40+0900,851946084275060977,4,3,0
ahnh****,Gg3N,"한국 🐕럽.  
여론 조작?
현실은 탄핵찬성 72% /  반대 25%    
이재명 68%  /  김문수 7%",True,1,2025-02-21T12:44:53+0900,851933277705994595,4,3,0
cuiq****,5TMGc,아무래도 34%는 대한민국 민주공화국을 부정하는 반역의 무리들 같다. 이들 중 무지한 자는 그렇다해도 전광훈이나 윤상현이나 권선동이나 권영세 등 같은 인간들은 인지능력이 없는 것이 아니니 대한민국에 그냥 놓아 두어서는 안된다.,True,1,2025-02-21T12:37:22+0900,851932792961892530,4,3,1
redj****,3wD5o,이게 맞는 여론조사지 내란당은 더 떨어질일만 남았다,True,1,2025-02-21T17:10:01+0900,851950359009034246,3,2,1
topa****,2Jeag,"윤통 탄핵되면,  국민의힘 지지율은 이제 더 빠지겠지..",True,1,2025-02-21T15:31:38+0900,851944020543275227,3,2,0
lsh9****,180DE,"언론사들 너무 심하네요~오죽하면 대학생들이 탄핵반대
집회를 했겠어요~JTBC는 중국으로 부터 1,000억 투자 받고...",True,1,2025-02-21T13:49:14+0900,851937423389622368,3,2,0
jsee****,arkJH,탄핵찬성이 80%이상 일것이다 다시 조사해라  우두머리는 반드시 사형해야  1970년대로 돌아가는 세상  대한민국 다시는 계엄 없다,True,1,2025-02-21T12:40:05+0900,851932968636121118,3,2,0
nana****,3KcvR,신뢰성이 있어보이네요,True,1,2025-02-21T12:26:17+0900,851932079141683328,3,2,0
psa0****,6miPo,"지지율이  반대로 됐네
하여튼  한겨레는  그러고 싶니",True,1,2025-02-21T20:30:46+0900,851963292128641222,2,1,0
caot****,1tS5S,대통령 이재명 ㅅㅅㅅㅅ 당선 확정이네,True,1,2025-02-21T20:19:57+0900,851962594565554470,2,1,0
gydu****,,,False,1,2025-02-21T16:49:26+0900,851949032753332381,0,0,0
ting****,2EyXn,"며칠 전에 지역번호 02로 시작되는 전화가 왔다. 그 전엔 안 받았는데, 여론조사 때 60대 이상 경상도라고 하면 중간에 끊긴다고 해서, 진짜 그런지 한번 받아 보았다. 처음에는 연령대를 선택해서  60대를 선택하고, 사는 지역을 선택하라고 해서 경남이라고 선택했더니, 귀하는 여론조사대상이 아니라면서 바로 끊겨 버리더라. 예전에 군사독재 때는 우파 쪽이 이상했는데 요즘은 좌파 쪽이 전부 다 정상이 아니야",True,1,2025-02-21T16:37:57+0900,851948293180096899,2,1,0
tkdk****,20E5B,여론조사고 나발이고.. 진보는 선. 보수는 악. 이라는 프레임부터 버려야합니다. 이승만 박정희 전두환 정권때 독재.불평등을 보고 배우고 자란 세대들이 40.50.60이죠? 이것은 이나라 대한민국에 대한 증오로 자리잡앗기 때문에 보수정권을 혐오하는것입니다. 반대로! 현 대한민국의 20.30 청년들과 대학생들은? 그 반대가 되겠네요. 입법부 사법부의 독재. 전국의 대학생들이 탄핵반대 시국선언을 한 이유입니다,True,1,2025-02-21T15:54:24+0900,851945487157166238,2,1,0
kyrk****,9SvzY,여론조작   즉각중단하여라  이재명이나 집어넣어라   나라가 썩어도 이렇게 썩었나,True,1,2025-02-21T15:22:13+0900,851943413577154648,2,1,0
jind****,2WDAZ,올라간 국힘 지지율은 윤카 때문이 아니라는 주장을 뒷받침하기 위한 여론결과(물론 조작),True,1,2025-02-21T15:07:56+0900,851942493934059896,2,1,0
paam****,,,False,1,2025-02-21T13:58:56+0900,851938048458359144,0,0,0
lhws****,2zlNI,민주당은 그냥 가만히 있으면 지지율 오르고  국힘은 자멸한다.,True,1,2025-02-21T13:40:44+0900,851936875227644172,2,1,0
park****,7VYu6,"국민 위에 서고 싶으면 국민 아래 엎드리십시요. 국민의 지지를 바란다면 자신의 머리로 국민을 우롱하지 말고, 국민의 마음을 가져 가십시요. 윤석열의 행동이 지난 2년을 힘들게 했고, 윤석열의 혀가 지난 두달을 괴롭게 했습니다. 이제 더 이상 우리 국민은 윤석열을 원치 않습니다. 하늘이 보고 있습니다. 대한민국은 국민의 것입니다.  썩어 빠진 기독교(전광훈 집단을 옹오하는 모든 교회와 단체, 개인포함)가 거듭나야 하고, 방관하는 천주교 정의구현 사제들이 한심하며,  이익이 있을 때만 나타나는 불교 승려들이 개탄스럽습니다. 바꿉시다.",True,1,2025-02-21T13:26:32+0900,851935961238470856,2,1,0
lmda****,,,False,1,2025-02-21T13:02:58+0900,851934442615210339,0,0,0
nobl****,4WIet,"이게 정답입니다
대통령이라는 사람이 위헌 위법 비상계엄을 선포해 국민을 불안하게 만들고 경제 외교등 대한민국의 위상을 곤두박질치게 해놓고 
비겁하게 거짓말로 자기합리화를 일삼고 죄없는 군인들을 상대로 자기만 살겠다고 거짓말하고...
국민을 좌우진영으로 나눠놓고...
정말 비겁합니다
이런분을 우리가 대통령이라고 믿고 따랐다는게...
이분은 남자도 아닙니다
참 불쌍해 보입니다",True,1,2025-02-21T12:54:25+0900,851933891416555686,2,1,0
kwn3****,6iVbC,반드시탄핵될것이다 살아나는 불씨는 없애는게 화를 막는 완벽한 방법 윤석열은 구차하게 다시정부에 복귀할거란 야심을 비추지만 이미 열차는 떠났고 윤석열은 역사의 원흉으로 살아생전 핍박속에 살아갈 버려진 인생이다,True,1,2025-02-21T12:47:46+0900,851933463463330061,2,1,0
rhkr****,bVTmv,윤석열 빨리 사라지고 국민들 안정된 삶을 살수 있도록 하시오,True,1,2025-02-21T12:38:32+0900,851932868711022790,2,1,0
ican****,,,False,1,2025-02-21T12:34:06+0900,851932582609158181,0,0,0
ynki****,1zhgb,계엄 안 막으면 다죽었어,True,1,2025-02-21T12:33:32+0900,851932546722693338,2,1,0
hjy7****,zJVw,"민주당, 진보세력 지지층은 여론 조사에 응하지 않는 경우가 많다. 주로 지식층,  전문가층, 서민 등 자기 생활이 바쁘고 열심이라 응답할 시간이 없는 경우가 많다. 따라서 실제 지지율은 약 2,~30 % 민주당 지지세력이 늘어난다.",True,1,2025-02-21T11:32:12+0900,851928595218563147,2,1,0
koh5****,5xRAq,김문수 교회장로가 이젠 안되네,True,1,2025-02-23T16:51:11+0900,852134688200851504,1,0,0
kdx2****,C2C1,김문수 ㅋㅋㅋㅋ,True,1,2025-02-22T22:25:01+0900,852063423922438158,1,0,0
ch91****,2aHDY,"이런 기사  쓰는 이유
1. 나는  완전赤化를 원한다.
2. 저짝에서 똥이라도 떨어진다.",True,1,2025-02-22T19:59:44+0900,852054063628419236,1,0,0
dong****,,,False,1,2025-02-22T08:57:26+0900,852011395544252498,0,0,0
com6****,,,False,1,2025-02-22T07:09:07+0900,852004416994148364,0,0,0
dcct****,6AYmp,빵재비는 안돼 절대!,True,1,2025-02-22T05:10:51+0900,851996798477140020,1,0,0
ctk5****,2EwqN,김의겸이 같은것도 여기서 기자생활 했으니 ㅉ 믿음이 안가 전혀 ㅉ 전부 가짜뉴스 같다,True,1,2025-02-21T22:09:24+0900,851969646599864438,1,0,0
luvk****,2Y7xe,간첩겨레 안타깝누,True,1,2025-02-21T22:09:03+0900,851969623346642958,1,0,0
kkki****,,,False,1,2025-02-21T21:47:10+0900,851968213724954668,0,0,0
l159****,1lz6A,한겨레 내부 직원 조사한듯ㅋㅋㅋㅋ,True,1,2025-02-21T21:40:18+0900,851967771041333344,1,0,0
junw****,,,False,1,2025-02-21T21:34:16+0900,851967383286317148,0,0,0
immg****,8Xojk,탄핵 반대 34% 너무 높은데? 한걸레면 0% 나와야 하지 않나? ㅋㅋㅋㅋㅋㅋㅋㅋㅋㅋ,True,1,2025-02-21T20:53:43+0900,851964769916158171,1,0,0
univ****,cTaeq,이건 이재명측근들만 조사했구먼 기사 제대로 쓰라고,True,1,2025-02-21T20:50:59+0900,851964593856053519,1,0,0
jkla****,2ydiw,전국민을 대상으로 하는 조사아니면 일개 소수에게 하는건 아무 의미 없다 언놈에게 물어볼때마다 대답이 항시 틀린디,True,1,2025-02-21T20:46:46+0900,851964322568470766,1,0,0
jmsl****,1GA2q,한겨레 날조 ㅋㅋ,True,1,2025-02-21T20:28:19+0900,851963133634281567,1,0,0
beam****,3MW7I,"한겨례는 언론사이기를 포기했네요
폐간하세요 그냥",True,1,2025-02-21T20:00:24+0900,851961335955587174,1,0,0
yoyo****,25Dth,통계조작,True,1,2025-02-21T18:36:42+0900,851955943557038306,1,0,0
shin****,7ixI6,"이재명 34%, 이런여론조사,누가하는지 또 이런기사 참 한심해서 ㅎㅎㅎㅎ 참,",True,1,2025-02-21T18:21:29+0900,851954962710659223,1,0,0
stee****,1GM5s,개소리 한겨레,True,1,2025-02-21T18:19:28+0900,851954832704012436,1,0,0
kjw3****,2HovW,조작질,True,1,2025-02-21T18:02:59+0900,851953770890789207,1,0,0
such****,2gutd,"전라도 조사
ㅋㅋㅋ",True,1,2025-02-21T17:51:00+0900,851952998669090818,1,0,0
mint****,2GDtr,거짓말,True,1,2025-02-21T17:39:10+0900,851952236899598405,1,0,0
well****,3N1iz,ㅋㅋㅋㅋㅋㅋㅋㅋㅋㅋ 건 니생각이구 ㅋㅋㅋㅋ,True,1,2025-02-21T16:17:37+0900,851946983349289230,1,0,0
sb******,2neFa,ㅋㅋㅋㅋㅋㅋㅋㅋㅋㅋㅋㅋㅋㅋㅋㅋ,True,1,2025-02-21T16:11:16+0900,851946573565788279,1,0,0
jung****,3r7tg,탄핵반대 저정도나오는것도 조작인듯,True,1,2025-02-21T16:00:27+0900,851945877411987650,1,0,0
kkk5****,41N5P,좌겨례 북겨례,True,1,2025-02-21T15:56:08+0900,851945598255890481,1,0,0
jhu7****,bQ9hi,결단코. 대한민국. 국민의한사람으로.  윤석열 대통령의탄핵을 반대하며. 대통령되어. 자신의. 사악한행위로 진행되어지는재판을. 정지시키겠다는. 이재명을. 탄핵찬성한다,True,1,2025-02-21T15:44:26+0900,851944844522684583,1,0,0
haed****,kx08,탄핵  국민투표로 하자,True,1,2025-02-21T15:32:29+0900,851944075673206983,1,0,0
umau****,AMll,이게 맞는거지...대한민국에 똑똑한사람들이 얼마나많은데...,True,1,2025-02-21T15:16:02+0900,851943015772586001,1,0,0
dltn****,3EALu,이재명 34프로ㅋㅋㅋㅋㅋㅋㅋㅋ다른곳에서는 비호감 47프로더만ㅋㅋㅋㅋㅋ,True,1,2025-02-21T14:09:17+0900,851938714882932842,1,0,0
ban8****,,,False,1,2025-02-21T14:09:17+0900,851938714681606257,0,0,0
jjy6****,U0Z0,김문수 꼭 나와라 ㅋㅋㅋ 토론회꼭 보고싶다 얼마나 웃길지 ㅋㅋㅋㅋㅋㅋ,True,1,2025-02-21T14:03:19+0900,851938330567245955,1,0,0
yooj****,s7qC,영포티 배급견은 도축해서 보신탕으로ㅋ,True,1,2025-02-21T13:56:31+0900,851937892379918541,1,0,0
eon8****,ovxm,"가만히 있는 민주당 지지율이 올라가는 이상한 수치 ㅋㅋㅋ………..정말 국민들이 멍청한건가 ??? 
또 뭔 여론 조작이냐 … 신고 해야겠다 파출소에",True,1,2025-02-21T13:49:49+0900,851937460651819334,1,0,0
lth0****,3EarB,제정신들아닌인간들이네어디가서조사햇냐개딸들만조사햇냐,True,1,2025-02-21T13:43:31+0900,851937055515607222,1,0,0
thor****,1cISm,34%로나 된다고~? 도리도리랑 헛소리하는 거 보고 듣고도 반대하는 건가 ~?,True,1,2025-02-21T13:25:02+0900,851935864534597649,1,0,0
dlat****,bsyt,지금 이 시점에서 여론조사 결과물들은 작전세력이 개입해서 죄다 거짓이고 ~ 결과는 역으로 나오지,True,1,2025-02-21T13:09:42+0900,851934875920367901,1,0,0
bell****,qaum,자칭 극우들 알바비가 다 떨어졌나?,True,1,2025-02-21T13:09:32+0900,851934866072142021,1,0,0
lyou****,3x2WL,우클릭때문? 아이러니하네. 그럼 보수를 택하지 왜 가짜를 택하는거지?,True,1,2025-02-21T13:08:21+0900,851934789131829372,1,0,0
xnwo****,2cHGI,내가 볼때는 탄핵찬성80 반대15  정권교체65 정권유지 25  민주당50 국힘18 정도로 보인다,True,1,2025-02-21T13:07:08+0900,851934711134552117,1,0,0
jjin****,23zbC,한겨레가 그렇지뭐,True,1,2025-02-21T13:05:16+0900,851934591177457748,1,0,0
jiki****,1GcnK,"여론상으로는 탄핵찬성91%, 반대 5%  유보4%입니다",True,1,2025-02-21T13:04:24+0900,851934535040893087,1,0,0
horg****,3rle1,"어떻게 기존 보수층이 아니던 20, 30대의 국힘 지지율이 높아진걸 극우 결집이라 해석할수있는지?",True,1,2025-02-21T13:03:58+0900,851934507543036242,1,0,1
ajk7****,tKQR,9%는 문수 데리고 일본으로 가거라~~,True,1,2025-02-21T12:57:20+0900,851934079455592566,1,0,0
hmd2****,4BO3X,여당 지지율 다 합쳐도 14프로 차이가 나네~이젠 지지율이 급속도로 빠지기 시작할거임~여당은 대통령이 극우로 갈때 철저히 했어야 했는데 이미 썩은 동화줄이 끊어져 버렸어 돌아올길이 없다는 거지~,True,1,2025-02-21T12:56:18+0900,851934013403693176,1,0,0
nana****,2Yb3F,"태극기부대야.  윤석열쪽 패널로나온 김진 전중알일보 놈이 말하길,
 윤가가 처포될때까지만해도 동정론이 얼마쯤있었는데 헌재에서 나와서 모든증거와 증인에대해 말하는꼬라지에 등을돌렸다고.
  니들 태극기부대들쪽서 나온 패널도 그리얘기하더라.
  야. 걔네집앞으로 돌격해라. 가서 때려뿌셔~~
니들 잘하는거해야지",True,1,2025-02-21T12:54:40+0900,851933907505905919,1,0,0
pmk7****,2bOwAs,네란 우두머리 윤석열 당장 가석방업는 무기징형 사형  집행하라,True,1,2025-02-21T12:53:34+0900,851933836504727748,1,0,0
rpki****,6YUZ9,극우 알바들 조금 떨어져 나간듯,True,1,2025-02-21T12:50:26+0900,851933635144581271,1,0,0
82co****,2HR6I,"언론은 중립을 지키시고, 사실만 보도하셔야합니다.",True,1,2025-02-21T12:47:21+0900,851933436854665366,1,0,0
lsy0****,1qUNL,인자좀제대로나오네ㅋ,True,1,2025-02-21T12:44:52+0900,851933276833579340,1,0,0
kdy5****,,,False,1,2025-02-21T12:43:25+0900,851933182579179673,0,0,0
hiph****,7Acuv,응 안믿어 ~,True,1,2025-02-21T12:42:02+0900,851933094364577809,1,0,0
oyhg****,4fOx3,한국개럽?,True,1,2025-02-21T12:41:48+0900,851933078761767196,1,0,0
rkfe****,,,False,1,2025-02-21T12:36:21+0900,851932727681745026,0,0,0
sg78****,1cxGl,"양상이 급격히 바뀌었다고 생각하시나요?
아직도 여론조사  조작을 일삼고있는
여론조사기관과,

여론 선동질이나 하고있는
쓰레기 언론사는 이땅에서 하루빨리 치워버려야 국가가 국민이 바로섭니다",True,1,2025-02-21T12:36:20+0900,851932726977101946,1,0,0
seab****,3zfVI,제발 빨리 사라져라!,True,1,2025-02-21T12:35:53+0900,851932697734414664,1,0,0
iron****,,,False,1,2025-02-21T12:31:29+0900,851932414367236269,0,0,0
kyh1****,4OfsQ,국힘  노선좀 제대로해라. .윤통을  지키던가해야지 니들이하는건  싸움은 피하고 이득만 취하는  미꾸자리지들깉다. .,True,1,2025-02-21T12:21:24+0900,851931765105754254,1,0,0
yunu****,iQ94,망할 한겨레,True,1,2025-02-21T12:14:40+0900,851931330458419453,1,0,0
five****,aAm6t,전국대학생들이 탄핵반대 시국선언 하고 있는디 여론조사 주작도 정도껏해라,True,1,2025-02-21T12:12:04+0900,851931163407679513,1,0,0
mava****,15eWE,극우결집도 이제 끝~ 듣보잡 학원강사넘도 장사 다했네~,True,1,2025-02-21T11:32:10+0900,851928592416768069,1,0,0
eyeb****,12p1D,제발 4050들 정신차려라. 지금이 어느때인데 아직도 87년도 사상에 사로잡혀있는지. 내동생도 말들어보면 무지성 민주당지지. 아직도 재벌 때려잡는 얘기하고 정경유착같은 고생대 얘기하고 있구. 재벌이 죽으면 니들은 퍽이나 잘 살겠다. 정신차리고 중국간첩이라 잡으러다녀라! 이 무지성 한겨레 기자들아,True,1,2025-02-21T11:17:09+0900,851927625210265651,1,0,0
drea****,dAltt,범죄 유랑단 2찍 국힘당,True,1,2025-02-21T11:08:35+0900,851927073004978430,1,0,0
kws6****,1q9In,난 중도 보수 개혁 지지한다. 그래서 이재명 지지한다,True,1,2025-02-21T12:25:59+0900,851932060133097853,7,7,1
stap****,2J8l,뭔65야 95가 찬성이야,True,1,2025-02-21T19:20:37+0900,851958772430536889,6,6,0
angi****,RJmi,현실은 탄핵 반대 / 계엄은 정당하다는게 60퍼 ㅋㅋㅋㅋㅋㅋ,True,1,2025-02-21T11:13:42+0900,851927403314807065,4,4,1
audi****,2c84Df,라도출신만 조사했냐?,True,1,2025-02-21T10:45:37+0900,851925593606848796,4,4,0
pink****,FA9z,탄핵 반대,True,1,2025-02-21T20:33:34+0900,851963472550822066,3,3,0
kumk****,1ySRa,근데 현재 윤통 지지율은 왜 60퍼임? ㅋ 그리고 반대집회엔 왜 사람들이 많은 거임??,True,1,2025-02-21T13:07:24+0900,851934728331198612,3,3,1
leo6****,34nsU,한계례 맞지? 그렇치 의용노조,True,1,2025-02-21T12:43:25+0900,851933182746951814,3,3,1
4750****,b9x2L,저 34%를 청산해야 대한민국이 산다,True,1,2025-02-21T11:28:49+0900,851928376577884481,3,3,0
hiso****,7NKVJ,"정치 지도자 선호도에서 이재명이 34%로 1위라는 사실.  누가  이런 인간도 아닌 놈을 선호하는지 참 한심하다. 
더불어민주당에 인물이 그렇게도 없나?",True,1,2025-02-23T12:43:47+0900,852118749845651650,2,2,0
fjtl****,azWyW,민노총에 김정은이 내린 지령문들 들어봤냐?,True,1,2025-02-21T17:15:43+0900,851950726329401619,2,2,0
onof****,3bQWE,김문수나와라 보수에대표인물  김문수ㅋ  토론회에서 말하는거보고싶다 저런게 대통령후보라는걸 전국민이 봐야된다,True,1,2025-02-21T13:13:41+0900,851935132896985330,2,2,0
jhj8****,2j6ZV,2찍분들 뭐하세요 좀더 힘내서 윤두환 지지율 80%이상으로 만드셔야죠 ㅋㅋㅋ,True,1,2025-02-21T13:13:27+0900,851935118518911137,2,2,0
kims****,4IxsV,"👎👎여론조사. 조작질.  전과4범이다.  ㅋ. ㅋ ㅋㅋㅋ 
    🤜🤜법인카드도둑.   나랏돈이. 지돈인줄알고쓰는건
     범죄다.",True,1,2025-02-21T13:07:14+0900,851934718013210715,2,2,2
hls8****,2tOil,한겨레신문답다. 미친~~,True,1,2025-02-21T12:55:01+0900,851933929987375114,2,2,0
leta****,,,False,1,2025-02-21T12:51:30+0900,851933704333820082,0,0,0
btl2****,2l35H,갤럽아... 이게 말이 되냐?  윤통 지지율이 52%에 육박하는데 탄핵찬성이 60%???  말이 되는 조사를 해야 믿지.  니네는 존재 이유가 뭐냐??? 조작질이냐????  이런 애들은 바로 수사 들어가야 한다.  뭐 이딴 조사가 다 있어??? 말이 되야 믿지....,True,1,2025-02-21T12:44:16+0900,851933238178873431,2,2,1
aja7****,3v8Sj,아직도 34% 개돼지가 있다고?,True,1,2025-02-21T12:36:47+0900,851932755867468053,2,2,0
dns8****,3lWjg,오직 윤석열의 죽음만이 대한민국의 희망이다.,True,1,2025-02-21T12:30:43+0900,851932365008666865,2,2,0
sogn****,5daxu,34%의 국적없는 것들,True,1,2025-02-21T11:33:21+0900,851928668887318691,2,2,0
ogop****,3Fuyb,ㅋㅋㅋ. 누구든 나와봐라 이재명 이길수 있나. 아주 국짐 개박살 내 줄테니 기대해.,True,1,2025-02-21T11:21:03+0900,851927877069832220,2,2,0
eyug****,29CCG,34%는 너희 자손들에게 공산 독재를 물려주고 싶니?북한도 상위 10%만 잘먹고 잘산다 너희들은 독재 치하에서 노예로 살아봐라,True,1,2025-02-21T11:19:08+0900,851927753203646529,2,2,0
atom****,,,False,1,2025-02-21T11:18:01+0900,851927681330053134,0,0,0
inlo****,1IGEo,더불어 조작당이 뭔들못할까,True,1,2025-02-22T20:52:26+0900,852057458649071725,1,1,0
jch9****,1FQGZ,탄핵반대집회 전국적으로. 인파 보고도 저런 가짜 여론조사 내 놓으면 니네 회사 망해!!! 내가 볼땐 탄핵 반대 여론 75%고 찬성15%다,True,1,2025-02-22T20:15:45+0900,852055096266064031,1,1,0
ranu****,564vh,한겨레 막 나가네 꼴통들,True,1,2025-02-22T05:15:34+0900,851997101993754669,1,1,0
lsmc****,5mYYZ,반대는 뭥미,True,1,2025-02-22T04:01:12+0900,851992311075176457,1,1,0
nano****,8UGu4,착각은 자유,True,1,2025-02-21T21:29:35+0900,851967081581641912,1,1,0
moch****,28jZ5,그래도 찢제명만 아니면된다.이거 유행어네,True,1,2025-02-21T20:52:24+0900,851964685811974257,1,1,1
baek****,,,False,1,2025-02-21T20:23:23+0900,851962816695894141,0,0,0
okjh****,1jed,니들 다 잣됐어. 오동후니 민주당 내란이다.,True,1,2025-02-21T17:51:21+0900,851953021268000895,1,1,0
psth****,38sdF,ㅋㅋㅋ웃고간다ㅋㅋ한겨레 ㅋㅋ밖에나가봐라 누가요즘찬성하나ㅡㅡ ㅉㅉ 전라도 구석에서 아님 민노총을 대상으로 조사햇지?ㅋㅋㅋㅋ,True,1,2025-02-21T17:49:29+0900,851952900941807802,1,1,0
pp50****,2fOOt,누가믿냐,True,1,2025-02-21T17:40:47+0900,851952340700234026,1,1,0
nbla****,M9SP,여론 선동질 그만해라 역겹다,True,1,2025-02-21T16:48:17+0900,851948958027612264,1,1,0
508t****,4uwkB,한겨례 이건 그냥 중국언론사네..지지율 장난하냐 제대로 된 기사를 내보내야지 니들이 이러니까 쌍욕을 먹는거야 너넨 중국에 돈 얼마 먹었냐? JTBC급은 아니니까 한 500억 먹었냐?,True,1,2025-02-21T16:25:21+0900,851947480659525770,1,1,1
rain****,13cxA,여론조사가 이런데 실제 시위현장은 반대가 찬성보다 10배나 많을까? ㅋㅋㅋㅋㅋ 조작도 정도껏해라 이런 티나는 조작질을 하면 누가 믿나? ㅋㅋㅋ,True,1,2025-02-21T16:24:33+0900,851947429807784146,1,1,0
choi****,mUyp,한겨례에서 여론조사한것을 믿을수가 없지,True,1,2025-02-21T15:02:36+0900,851942149984354529,1,1,0
sang****,5CWGj,더불어 공산당...  협력업체 인 여론조작팀..  이제는 안속는다.  !!!!!,True,1,2025-02-21T13:38:40+0900,851936742939295995,1,1,0
ojg0****,2vccP,"내란범들 구속하라! 경제, 주식 망친것 손해배상청구소송 해야한다.",True,1,2025-02-21T13:07:41+0900,851934746182156534,1,1,0
jys3****,7jhQs,탄핵 반대?? 윤 석열이가  계속 대통령 하는게 우리나라 에 좋은 겨?  그런겨?  당신 손주 들이 살아갈 이 나라여..,True,1,2025-02-21T13:00:56+0900,851934311316717898,1,1,0
nouk****,VwHw,윤석열을 버리지않고 옹호한 악수의 결과,True,1,2025-02-21T13:00:22+0900,851934275598024858,1,1,0
jhle****,28Vtj,"기각 될가능성이 확률이 생기니, 탄핵 인용으로. 하라고 몰빵가는구나.",True,1,2025-02-21T12:53:43+0900,851933846386508028,1,1,1
yyhi****,6qx2n,탄핵찬성80 %는 넘는 다 생각,True,1,2025-02-21T12:49:30+0900,851933575065370802,1,1,0
majo****,1FhPE,아직도 보수 과표집이 남아 있음,True,1,2025-02-21T12:36:36+0900,851932744341520615,1,1,0
simp****,gUcy,ㅋㅋ~~국힘 뭐 했다고 34%니  탄핵반대 꼴똥 동조 세력들인데,True,1,2025-02-21T12:36:29+0900,851932736842104994,1,1,0
woo6****,1iSZz,"제목은 그렇다쳐도 기사 내용은 갤럽 조사를 다 담아야하는 거 아니냐? 21일 한국갤럽에 따르면 지난 18~20일 전국 만 18세 이상 1002명에게 전 국민 25만원 쿠폰 지급에 대해 물은 결과 ‘지급해야 한다’ 34%, ‘지급해선 안 된다’ 55%로 나타났다. 11%는 의견을 유보했다. 최근 더불어민주당이 제시한 35조 규모 추경안에 포함된 내용인데 찬성보다 반대가 더 우세한 셈이다.",True,1,2025-02-21T12:32:54+0900,851932505316524382,1,1,0
cjy1****,6hJhN,"조기대선 이재명대표와 문수랑 1:1 붙어보자ㅋㅋㅋ
그리고 내란국짐당 부정투표 운운하겠지ㅋㅋㅋ",True,1,2025-02-21T12:24:33+0900,851931968093290678,1,1,0
jokc****,5W8iB,차기 대통령 이재명 확정. 축하,True,1,2025-02-21T12:20:28+0900,851931704992989377,1,1,0
happ****,,,False,1,2025-02-21T12:19:12+0900,851931623019511877,0,0,0
gap2****,2fhhN,탄핵을 다시조사하렴?   공산당  멸공!,True,1,2025-02-21T12:17:12+0900,851931494153715798,1,1,0
chic****,2xy6L,윤석열과  이재명은  대한민국역사에서    영원히  지워야한다ㅡㅡ한넘은  행정폭군     또 한넘은   입법폭군,True,1,2025-02-21T12:12:36+0900,851931197649977553,1,1,0
moon****,N9L3,"중국공산당 목적은 한국으로 중국인들을 대량 이주 정착 시키는 것이다. 윤대통령 탄핵 되면 모든게 끝이다!  ""우리나라는 국회의원을 국민이 뽑지 않습니다."" - 고 정두언의원-     취득세양도세도 주택청약 대출  그외 국공립어린이집 초중고대학비무료 화교전형 화교 가산점등 일일이 열거하기도..민주당에서또나오면 또생길예정이란거,전국 곳곳에 차이나타운.국민혈세로 왜 이들을 먹여 살려야 되나",True,1,2025-02-21T12:05:28+0900,851930738306580647,1,1,0
saib****,31jNH,한구캘럽은 이런 조사 하지마라 무죄 추정의 원칙도 모르는것들이 무슨짓이냐 대한민국이 아무리 썩어도 전과4범에 세금으로 일제샴푸 사쓴 것을 재판 받는 인간을 지지하지는 않는다 정신이 똑바로 되었다면,True,1,2025-02-21T11:41:31+0900,851929195524128954,1,1,0
0818****,68KgQ,"헌재를 보고도 탄핵되지 않으면 상식이 없는거죠
 윤의 젊은 여자변호사는 민주당서 보낸것같은데....",True,1,2025-02-21T11:22:23+0900,851927962549747866,1,1,0
yj68****,7DSze,내란의 힘은 2찍 늙다리들과  TK빼면  누가 지지하냐 ?,True,1,2025-02-21T11:21:59+0900,851927936612172148,1,1,0
elan****,4y11x,ㅋㅋㅋㅋㅋ 또 2찍이들 조작했다고 발작하겟네,True,1,2025-02-21T11:20:37+0900,851927848447901959,1,1,1
lrh0****,1CyLB,중도층서 민주당42대 국힘22 뭐 그럼 끝난거지..,True,1,2025-02-21T10:48:46+0900,851925796510499110,1,1,0
y202****,coASE,"이번 조기대선이 성사되면, 엄청 중요하다. 만에 하나 중범죄인 죄명이가 대통 되면, 세수 재원은 생각지 않고, 지 노옴 배만 채우고,  문죄앙이 같이, 지 노옴 지지율만 유지할려고 막 퍼 주다  보면 100% 아르헨티나 같이 나라 망한다. 정권교체는 되어도, 죄명이 만은 NO !",True,1,2025-02-21T10:48:09+0900,851925756815605823,1,1,0
frid****,1kft1,윤석열이 헌재 불출석했어야. 남탓 억지 자책골의 연속,True,1,2025-02-21T10:44:16+0900,851925506667315312,1,1,0
mimi****,,,False,1,2025-02-23T14:36:31+0900,852126011746156672,0,0,0
mimi****,,,False,1,2025-02-23T10:16:58+0900,852109290582835421,0,0,0
jmle****,4w39h,생각 없는틀들 빼면 .정신들 차리라.,True,1,2025-02-22T21:31:46+0900,852059993300533471,0,0,0
kang****,212gK,"대통해 해 보시라~
보는시각이  ...ㅋ",True,1,2025-02-22T21:07:28+0900,852058427835285631,0,0,0
kang****,212gK,눈...?,True,1,2025-02-22T19:23:07+0900,852051705288720405,0,0,0
adam****,1EYMC,한겨래폐간 청원   내부자색출사형청원,True,1,2025-02-22T12:52:04+0900,852026511530655758,0,0,0
tjal****,28qZP,한겨레 ㅋㅋㅋ,True,1,2025-02-22T10:03:01+0900,852015620567334918,0,0,0
wife****,54QOA,"여론조사가 구라인지?
국민투표해서 수개표해보자!!",True,1,2025-02-22T08:14:13+0900,852008611247816744,0,0,0
life****,1eCrr,그냥 반대로 생각할게. 한겨레잖아. 북한지령받는.,True,1,2025-02-22T07:48:51+0900,852006976828211333,0,0,0
yeon****,bBNxp,좌빠리리 한겨레 답다,True,1,2025-02-22T06:49:54+0900,852003179171151956,0,0,0
morf****,3QEIt,좁쌀  ~~~~~~~~~,True,1,2025-02-22T03:09:15+0900,851988964289019921,0,0,0
kosm****,VSV4,"걸레는 빨아도 걸레라더니 풉
어디, 조선족 대상으로 여론조사 했냐? ㅋㅋㅋㅋㅋㅋ",True,1,2025-02-22T00:42:09+0900,851979486873255960,0,0,0
on00****,Ncdd,"통계자료는 어디나온건지
언론들이 여론조작과 공작을펼치고 있네
반대가 60% 로 이상이다.
젊은층에서도 이제는 판단을 정확히 하고 탄핵반대를 외치고 있습니다.
부정선거조작한것부터  조사해야할텐데  국정구석구석 빨갱이들이 판을치는데  국민들이 힘을 모아야됩니다.",True,1,2025-02-22T00:08:16+0900,851977304241340460,0,0,0
qkda****,IWap,"어디에서 한 여론조사일까? ㅋㅋㅋ 
한겨례야 바꿔서 적은거 아닐까?",True,1,2025-02-21T21:52:10+0900,851968536082382902,0,0,0
ansd****,2wfPW,ㅋㅋㅋㅋ,True,1,2025-02-21T21:40:22+0900,851967775571181671,0,0,0
tpwh****,7vOIb,이런 기수기 언론이 어떻게 존재할수가있는거지 자본주의 논리인건가,True,1,2025-02-21T21:26:12+0900,851966863310061637,0,0,0
ppys****,c6Z5D,한걸레가 떨거지인이유~국힘여론높을땐아예숨죽이다가  민주당이 높으면 득달같이 1면머리기사올리지,True,1,2025-02-21T21:22:32+0900,851966626667430056,0,0,0
baek****,68fA7,조옷이나 까잡숴!!,True,1,2025-02-21T20:57:32+0900,851965016004362390,0,0,0
hs90****,,,False,1,2025-02-21T20:46:23+0900,851964297654304889,0,0,0
oh-y****,8p8ul,대통령은 한명 뽑았는데.둘이서 했으니 곱하기 2로 계산 하는게 맞을듯 찬성이 100%가 넘네요 ㅋ,True,1,2025-02-21T20:32:31+0900,851963404988973216,0,0,0
haal****,2m5yQ,아따 디른곳과 심하게 차이가 나불구먼 ㅋㅋ 한겨레 애는 쓴다만 아닌건 아닌것이여,True,1,2025-02-21T20:28:40+0900,851963156132528318,0,0,0
actm****,1T0Fv,중국 댓글 부대 출동했냐? 개소리 작작하고 찌그러져라,True,1,2025-02-21T20:26:11+0900,851962996799307833,0,0,0
a016****,,,False,1,2025-02-21T20:18:30+0900,851962501217124497,0,0,0
pose****,18dbq,더불어 🇨🇳 갤럽 조작 하고 한걸레 기사내고 ㅋㅋ ㅋㅋㅋㅋ,True,1,2025-02-21T20:12:42+0900,851962127873736919,0,0,0
dngy****,1mDkJ,ㅋㅋㅋ 이제 여론조사도 포기했냐 윤사형 당하면 문수한테 옴겨가라,True,1,2025-02-21T20:08:32+0900,851961859136290971,0,0,0
clas****,E2uE,한겨레 고작 대한민국 대통령을 술로 선동하는 거  보면 북한이 우리한테 메세지 보내는 수준이랑 같은데...분명히 같은 DNA 맞음,True,1,2025-02-21T20:07:10+0900,851961771827658809,0,0,0
jkh7****,bzOku,한걸레,True,1,2025-02-21T20:02:14+0900,851961453630980153,0,0,0
sj84****,dGDWl,아무리 지. 랄 해도 찢죄명 넌 아니야,True,1,2025-02-21T19:50:34+0900,851960702481465536,0,0,0
ibbe****,2cmUA,한겨레 ㅋㅋㅋㅋㅋㅋㅋㅋㅋ  저나좀해봐 한겨레야,True,1,2025-02-21T18:57:20+0900,851957272111218786,0,0,0
sung****,2JLox,반대 하는 것들은 뭐니? 종북이니?,True,1,2025-02-21T18:20:34+0900,851954904342724799,0,0,0
youn****,aPJd1,국민들도 내란선동죄라고 짖거렸지 민주당이 자유를 억압하고 표현도 못하게 만들었지,True,1,2025-02-21T18:20:02+0900,851954869915877390,0,0,0
heih****,yi9u,ㅋㅋㅋㅋㅋㅋㅋㅋㅋ,True,1,2025-02-21T18:14:22+0900,851954504189345912,0,0,0
kehe****,6b6XZ,한겨레 북한언론? 중국언론? 자유대한민국에서 떠나라 선전선동 아무리해도 이제 국민들 계몽령에 의해 계몽되었다,True,1,2025-02-21T18:09:38+0900,851954199431217322,0,0,0
fxpa****,1eU2u,내가 믿지,True,1,2025-02-21T18:08:57+0900,851954155709792548,0,0,0
lees****,,,False,1,2025-02-21T18:00:57+0900,851953640162722115,0,0,0
hky3****,,,False,1,2025-02-21T17:35:51+0900,851952023090757921,0,0,0
kiri****,1jeVX,한걸레가34%라면 최소탄핵반디니60%넘는다는거네,True,1,2025-02-21T17:34:59+0900,851951966752866646,0,0,0
crom****,1V7sy,매국좀비들 난리났네ㅋㅋ,True,1,2025-02-21T17:33:29+0900,851951870736859318,0,0,0
audw****,5hsLy,"한걸레도 작작해라
어디서 이따구 가짜기사를 갈겨놓냐",True,1,2025-02-21T17:28:16+0900,851951534538227805,0,0,0
namh****,lvAp,"ㅎㅎ 중공신문 한걸레~ 중공자본 중공갤럽의 조사이니 반대로보면 그게 팩트지.. 탄핵 찬성 40%, 탄핵 반대 66%… 김문수 34%, 이재명 9% [국민여론]",True,1,2025-02-21T17:13:22+0900,851950574764032127,0,0,0
fjtl****,,,False,1,2025-02-21T17:12:54+0900,851950544514711885,0,0,0
artr****,LCap,언론이 이미좌파된지오랜데  누가여론조사를믿으랴. 개딸들이나박수치겠지. 거짖숫자놀이에아직도놀아나고있는한심한00이들이나선동해라. 죄명군이얼마나온갖패악으로숫자조작을하는것인지.ㅉㅉ  광주시민으로써한마디하겠다.민주당넘들아 느그덜입에서광주민주화라는말내뱉지말어라.죄받는다.,True,1,2025-02-21T17:09:48+0900,851950344647737647,0,0,0
carl****,230m7,기 뤄기야 주말 찬반집회 인원수 보면 니들이 허위사실 유포하는거 같은데?,True,1,2025-02-21T16:59:42+0900,851949693976969484,0,0,0
reje****,8R0Qh,에~이 거짓말ㅋㅋㅋ,True,1,2025-02-21T16:56:18+0900,851949475302735986,0,0,0
sgpp****,1lxcO,ㅋㅋ 30%는 일본에 나라 팔아도 지지할 세력들이지머. 윤석열 사형 증거가 차고 넘치는데도 지지율 봐라. 윤석열 사형 집행하고 법 집행의 본보기로 삼아야 한다. 김건희는 무기징역,True,1,2025-02-21T16:54:53+0900,851949383313260891,0,0,1
gkgk****,EfzA,한걸레,True,1,2025-02-21T16:54:06+0900,851949333300379695,0,0,0
kkan****,hXHU,한걸레,True,1,2025-02-21T16:53:52+0900,851949317865341251,0,0,0
team****,3bd0a,한걸레 화짱조 대상으로 설문조사했니???,True,1,2025-02-21T16:49:46+0900,851949053775184132,0,0,0
dofl****,Pz9J,한걸레,True,1,2025-02-21T16:45:43+0900,851948792939807034,0,0,0
acmk****,3YM6k,야 시시하니깐 니네 후보 두명내 보내라 ㅋㅋ 세명할래?,True,1,2025-02-21T16:40:34+0900,851948461321355493,0,0,0
ehgk****,4jx3G,생면부지 한게레,True,1,2025-02-21T16:31:12+0900,851947857475797075,0,0,0
jooh****,DIMt,이것도 보수과표집이라고본다.,True,1,2025-02-21T16:29:43+0900,851947762583863561,0,0,0
mjvb****,2ohhL,졷겨레,True,1,2025-02-21T16:24:07+0900,851947401487843384,0,0,0
nam4****,,,False,1,2025-02-21T16:22:37+0900,851947305371173098,0,0,0
pjsc****,dR4Is,깨끗한심판되길,True,1,2025-02-21T16:09:55+0900,851946486659809670,0,0,0
like****,1Wp94,좌파 종북 신문,True,1,2025-02-21T16:02:38+0900,851946017887617247,0,0,0
jong****,E0hf,"민주당  논리라면,  국.힘이  갤럽도 압.색 해야 하지 않나?
왼쪽눈 으로만 보고 ,호도하는  애꾸눈 언론...   사실과  이념 사이에  이념을  택한다면 더이상  언론이 아니라  정치  하청업체  일뿐  입니다.   못난눔들...",True,1,2025-02-21T15:56:47+0900,851945640719024431,0,0,0
pok_****,3SaBy,"한걸ㄹ레많이 급하냐?ㅋㅋㅋㅋ 왜 계몽된 멀쩡한 국민들 극우라고 매도함?

원래 우파였던 사람들이 결집했을뿐인데 지지율이 왜 오름? 원래 지지했던 사람들인데??

니네 홍어끼리 설문조사 돌린걸로 언론플레이 하지말고 정정당당하게 좀 해라 ㅋㅋ 선동날조는 7시 종특이냐?",True,1,2025-02-21T15:53:09+0900,851945406307762240,0,0,0
itsm****,3X5Tr,ㅋㅋㅋㅋㅋㅋㅋㅋㅋㅋㅋㅋㅋㅋㅋㅋㅋㅋㅋㅋ 응 이미 늦었어~ 이제와서 찬성이 60퍼로 바꼈다 어쨌다 해도 집회 참석자들만 봐도 답나오는데 진짜 짜친다 한겨레 창피하지도 않냨ㅋㅋㅋ 어이가없어서 웃기기만 하넼ㅋㅋㅋㅋ 그리고 지금 보수=국힘지지 아님ㅋㅋ 국힘이랑 윤카랑은 레벨이 다른문제다 Girek들아,True,1,2025-02-21T15:52:13+0900,851945346916417644,0,0,0
hong****,1mGmk,"이제 정상으로. 
그런데 이재명이 명심할 것은 유보층 25%의 향방이다
2심유죄판결나도. .출마한다면. 아마. 이재명을 지지하지 않을 것이라고 생각합니다",True,1,2025-02-21T15:46:24+0900,851944971794645149,0,0,0
daeg****,esXQI,한겨레? 흑석동 김의겸. 공산당이 싫듯이 이재명도 싫다.,True,1,2025-02-21T15:39:44+0900,851944542398578983,0,0,0
lims****,b3TH2,아뉘 중국인들 한테만 조사하나? 왜 한번도 전화가 안오징..,True,1,2025-02-21T15:39:38+0900,851944536291672346,0,0,0
cys7****,adLIe,갤럽  사기치지  마라 나라가 망하면 니들은 무사할줄 아니 10 너무들아,True,1,2025-02-21T15:35:39+0900,851944278845292801,0,0,0
gubo****,tRPg,김문수 ㅋㅋㅋㅋ 썅! 보수에 인물이 이렇게 없노.,True,1,2025-02-21T15:26:55+0900,851943716959551847,0,0,0
mb******,,,False,1,2025-02-21T15:25:57+0900,851943654296650099,0,0,0
nets****,40k6K,윤석련이와 찢죄맹 둔다 나라의 암덩어리 인간소각이 답이여,True,1,2025-02-21T15:19:41+0900,851943250099962117,0,0,0
vvq3****,3m5W1,너네들끼리 찍어라 난 안찍어,True,1,2025-02-21T15:13:57+0900,851942880967655824,0,0,0
yhs3****,2v9Wz,"1찍 고아들은 탄핵찬성은 믿고 ㅋㅋㅋㅋ
지지율은 안믿음 ㅂx들임ㅌㅋ",True,1,2025-02-21T15:03:53+0900,851942233132237125,0,0,0
smdd****,pQnl,성범죄자 찢돌이가 대통령이 된다면?,True,1,2025-02-21T15:02:21+0900,851942133458796688,0,0,0
gzza****,,,False,1,2025-02-21T14:55:28+0900,851941689969868984,0,0,0
hg33****,1AoE9,"조작 하지마세요 
뻔히 보여지는게 거짓말들인데 국민을 OOO으로 압니까 ?? 이건 어떤 조사를 또 조작한건가요?? 
제대로 조사해서 기사 내주세요",True,1,2025-02-21T14:46:06+0900,851941086896062513,0,0,0
dwki****,,,False,1,2025-02-21T14:46:02+0900,851941082970193938,0,0,0
b70c****,e5Fdn,2찍왜구들 부들부들 ㅋㅋㅋ,True,1,2025-02-21T14:44:54+0900,851941010056413527,0,0,0
vvq3****,3m5W1,누가 찍어준대 사기꾼이네  선거조작하지마라. 그리고 탁핵은 무슨탄핵 꿈깨라,True,1,2025-02-21T14:41:40+0900,851940800861307156,0,0,0
kth7****,,,False,1,2025-02-21T14:36:21+0900,851940458421551259,0,0,0
yoos****,R85J,"아~걸레가 썼구나 어쩐지
민주당 하수인 ㅋㅋ",True,1,2025-02-21T14:36:01+0900,851940437299036166,0,0,0
ylws****,,,False,1,2025-02-21T14:26:55+0900,851939851354767718,0,0,0
ldhk****,5JytX,진짜?? 감사^^ ㅋㅋ,True,1,2025-02-21T14:11:58+0900,851938888141242728,0,0,1
alck****,1VGEc,ㅋㅋㅋㅋㅋㅋㅋ한걸레답다 ㅋㅋㅋㅋㅋ 중국언론 수준ㅋㅋㅋㅋㅋㅋㅋㅋ,True,1,2025-02-21T14:08:44+0900,851938679969546521,0,0,0
dltn****,3EALu,ㅈㄹ하지마 누가 찬성 60이랬냐 반대 60이겠지 임마,True,1,2025-02-21T14:08:03+0900,851938635308597274,0,0,0
jang****,Uy82,간첩 언론사. 간첩죄 여적죄 위증죄 사기죄 반역죄 내란죄 쿠테타죄 또 뭐있냐?,True,1,2025-02-21T14:07:05+0900,851938573551665190,0,0,0
ingo****,2n88m,헐,True,1,2025-02-21T14:04:55+0900,851938434015560034,0,0,0
adsl****,80vYf,"그냥 1만명이라도 했나 얼마안되는 수+탄핵찬성집회vs 탄핵반대 서울 부산 대구 광주 대전 모임
뻔히 결과보임 한국 인원수 후반 투표 아이들은 못뽑아서 5000만장은 못넘어서고  실제 보인수가 몇명?  근데  뭐 여론 말로 백날천날해도 벌써 결과 끝",True,1,2025-02-21T13:59:26+0900,851938080687390881,0,0,0
cove****,5dBCC,스데캡아 이슈로 일게이들 많이 돌아섰던데 ㅋㅋ,True,1,2025-02-21T13:58:42+0900,851938033727963399,0,0,0
dong****,4n8Bi,명태균이없어서 조작도 못한다,True,1,2025-02-21T13:46:27+0900,851937243554644137,0,0,0
poli****,2K6vC,거짓말하고 있네~범죄자를 추종하는 국민이 있다고?,True,1,2025-02-21T13:42:59+0900,851937020266676648,0,0,0
cpfl****,4fghT,문수 어떻게 된거냐 ㅋㅋ,True,1,2025-02-21T13:34:16+0900,851936459337236587,0,0,0
wood****,77cUQ,아 진짜 벌레같다 한걸레야 ㅋㅋㅋㅋㅋ 적당히 날조해 ㅅ끼들아,True,1,2025-02-21T13:32:43+0900,851936358959153426,0,0,0
gto1****,EENr,한걸레야 탄핵반대가 60%는 넘을걸?ㅋㅋㅋㅋㅋㅋ,True,1,2025-02-21T13:30:11+0900,851936195934945337,0,0,0
youl****,5RkxN,미친인간 추종자나 미친자나 그냥 미친거임!!,True,1,2025-02-21T13:26:13+0900,851935940921262156,0,0,0
cozy****,2c7oq4,한겨래. 지랄한다,True,1,2025-02-21T13:21:36+0900,851935643192787185,0,0,0
fbtn****,8RcTo,차츰 대한민국 진정되고 있구만  천만다행입니다.,True,1,2025-02-21T13:18:34+0900,851935447822106860,0,0,1
sbki****,2d8ly,똥걸레가 조작질이군 ㆍ탄핵반대 65%이고 이재명은 12%다 ㆍ똥걸레는 북한으로 가거라,True,1,2025-02-21T13:12:00+0900,851935024113516545,0,0,0
eorn****,4cqz0,대한민국은 보수우파로 통일했네ㅋㅋ,True,1,2025-02-21T13:10:27+0900,851934924540739756,0,0,0
ndrs****,5IEeG,"개,돼지가 아직 2,000만명이라~~~~자손 대대로 그리 살거라",True,1,2025-02-21T13:10:11+0900,851934907159543872,0,0,0
lcw7****,3kFoa,"국민저항권 찬성!!,전라조선족 뺀 자유대한민국 전국민!!",True,1,2025-02-21T13:10:03+0900,851934899408470035,0,0,0
ljk4****,9ZsM0,한걸래또거짓말로국민들호도하네~~ㅋㅋ,True,1,2025-02-21T13:09:39+0900,851934873420562712,0,0,0
prok****,3breV,"뭔 🐕 sound~~~~~  멈멍멍~~~~~
  엔간이 해라~~~  씨 re gee  겨레야~~~",True,1,2025-02-21T13:08:34+0900,851934803392463052,0,0,0
ruat****,,,False,1,2025-02-21T13:07:15+0900,851934718650744924,0,0,0
savv****,,,False,1,2025-02-21T13:05:48+0900,851934624899662112,0,0,0
joon****,6FLFn,참고로 보수라고하고 석열이 지지한다하면 대상이 아니라고 전화 끊긴다. 보수라고하고 탄핵찬성하면 스무스하게 끝까지 안끊김 아닌거같나요?,True,1,2025-02-21T13:05:01+0900,851934574702231562,0,0,0
jjun****,,,False,1,2025-02-21T13:04:50+0900,851934563310502202,0,0,0
ckc7****,,,False,1,2025-02-21T13:01:19+0900,851934336365101153,0,0,0
msz1****,,,False,1,2025-02-21T13:00:21+0900,851934273920303230,0,0,0
rfc9****,18RPu,전광후니파 김문순대 꼭 내란국짐당 대선후보가 되어라 순대 화이팅,True,1,2025-02-21T12:59:01+0900,851934188574605325,0,0,0
jhle****,28Vtj,썩열이 임기 보존해주고 트럼프가 북한과 손잡고 대한민국이 사라지게 만들자!,True,1,2025-02-21T12:55:46+0900,851933979178172712,0,0,0
hsw1****,7wnSH,윤석렬과 국짐당을 지지하는 것들은 보거라 니들이 아무리 지랄발광을 해도 니들 생각대로 되는것은 없을것이다.석렬이가 탄핵됐을때 니들이 폭동을 일으키지? 그때가 국가게엄령을 선포해도 되는거야.그때는 니들은 국민이 아니라 폭도니까.니들 어깨 위에 있는거는 장식이 아니라 생각이란걸 하라는 대가리니까 최소한 대가리라도 쓰고 살길 바란다,True,1,2025-02-21T12:55:23+0900,851933953643249802,0,0,0
0604****,2VTio,말뚝이 튼튼하게 박혔군,True,1,2025-02-21T12:55:09+0900,851933938577309758,0,0,0
heey****,2E97G,누가믿냐!,True,1,2025-02-21T12:54:26+0900,851933892523851933,0,0,0
rado****,2fDuA,대선때 이재명이 몇프로 차이로 이길지가 잴 궁금하긴해. 국짐에서 누가나오든 거의 더블스코어 차이로 찌발라버릴거 같은데 ㅋ,True,1,2025-02-21T12:53:22+0900,851933823670157450,0,0,0
yoso****,,,False,1,2025-02-21T12:51:08+0900,851933680392732730,0,0,0
kill****,LmbX,"야론조사는 일단 , 개신교 맹신자 입김 강한 여론조사 공정, 엠퍼블릭을 무시하면 된다.",True,1,2025-02-21T12:51:06+0900,851933677809041458,0,0,0
jun0****,V8Np,명태균 보고 여론 조사 안믿는 다 한가지 확실한건 극우 선넘은거보고 이재명 찍기로 했다  문재인이가 남녀 갈라치더니 윤석열이가 극우여론전으로 국민 갈라치기를 하내 ㅋㅋ,True,1,2025-02-21T12:50:18+0900,851933626638532735,0,0,0
kskg****,tJ2b,좌빨찌라시의. 가짜뉴스,True,1,2025-02-21T12:47:41+0900,851933458161729760,0,0,0
chs4****,29TC0,김문수 0.0000000⁰00009,True,1,2025-02-21T12:47:22+0900,851933437928407193,0,0,0
posc****,3eC5y,당연한 거 아닌가 임기 내내 20%였던 지지율이 탄핵되자 50% 올라간다는 게 좀비가 아님 이해가 되냐ㅋㅋ,True,1,2025-02-21T12:46:03+0900,851933352918253595,0,0,1
skar****,bEdy5,김문수는 대통령 깜이 아냐,True,1,2025-02-21T12:45:29+0900,851933316595581106,0,0,0
jane****,1532N,헌재의 탄핵재판 내내 윤석열의 반성은 찾아볼 수 없었고 꼬박꼬박 참석하여 보여준 추잡스러우리만큼 무책임함을 전국민이 보았는데 중도층이 선긋지 못한 국힘과 국힘후보를 지지할리 만부당.,True,1,2025-02-21T12:44:29+0900,851933251466428590,0,0,0
jk00****,LbBk,한겨레는 당연하지  완전죄파 빨갱이신문인데ᆢ이런여론조사를 누가믿어 왜?  100%,True,1,2025-02-21T12:40:57+0900,851933023933825388,0,0,0
kazu****,1ZtHf,공감200%,True,1,2025-02-21T12:40:31+0900,851932995982983373,0,0,0
ljk6****,570o2,"중도보수 지향~~~~~  그걸 믿는 者가 있는가? ㅋㅋㅋㅋ ~~~~  지향이 안니라, 지양이겠지!",True,1,2025-02-21T12:40:19+0900,851932983785947254,0,0,0
yong****,vOFJ,한걸레 기사 답다^^ㅗㅗㅗ,True,1,2025-02-21T12:40:00+0900,851932962579546113,0,0,0
kok4****,,,False,1,2025-02-21T12:39:19+0900,851932919462101114,0,0,0
jeh1****,2CapY,때론 필요악이지만 여론조사는 어쩔 수 없이 정치에 영향을 미칠 수 밖에 없어요. 일부러 차단하지말고 될 수 있으면 내 의사표시를 적극적으로 해 주세요. 이런 결과가 맞는 거잖아요!!,True,1,2025-02-21T12:38:27+0900,851932863258427553,0,0,0
vs01****,2QHHz,조작 개소리ᆢ한걸레,True,1,2025-02-21T12:32:36+0900,851932486073057482,0,0,0
khs_****,4SBNu,반대34%ㅋㅋㅋㅋㅋㅋㅋ,True,1,2025-02-21T12:32:06+0900,851932454380896297,0,0,0
kkss****,1SgmQ,김문수????????????  왜??????????,True,1,2025-02-21T12:31:04+0900,851932387506913309,0,0,0
he35****,3bPSx,"한국갤럽 항의방문 안하겠네, 민주당!!!!",True,1,2025-02-21T12:30:24+0900,851932344204918916,0,0,0
day1****,3q3ak,이거 잘못된 통계 같은데요?,True,1,2025-02-21T12:29:41+0900,851932298386342133,0,0,0
sss1****,,,False,1,2025-02-21T12:25:07+0900,851932004399185962,0,0,0
toto****,1eDIu,찢찢,True,1,2025-02-21T12:24:10+0900,851931942558367804,0,0,0
yw62****,1FMlL,"14.1프로 1000명중에 140명 얘기만 듣고
이렇게 못 밖는건 좀....",True,1,2025-02-21T12:22:36+0900,851931842113175754,0,0,0
jong****,uYIw,현재의 상황에서 전국민 투표하면 이 여론조사 결과 그대로 나올듯 ㅡ,True,1,2025-02-21T12:22:21+0900,851931826007048309,0,0,0
kich****,nb7F,여론기관 윽박 지르더니~ 지지율 난리를 치네~ㅋㅋ,True,1,2025-02-21T12:20:52+0900,851931730074927444,0,0,0
yes5****,7RKl9,라도통계치,True,1,2025-02-21T12:19:01+0900,851931611493564425,0,0,0
sapo****,2tjZG,이재명이 이렇게 기사 안쓰면 죽여버린대? 니네도 참 힘들게 산다. 언론이란 것들이 눈치보고 조작하고 거짓뉴스 퍼트리고 니들 자식들까지 니들처람 살길 원하는거 같아서 안쓰럽고 불쌍하다. 세상 잘나면 뭐하나. 이렇게 이재명 똥구멍이나 빨면서 구데기로 사는데.... 니들 자식들도 니들처럼 남의 인생 똥이나 치우는 구데기로 살게 할래? 자식 얼굴에 똥칠이나 하는 부모들이 되서 대접이나 받겠냐?,True,1,2025-02-21T12:18:19+0900,851931566497071216,0,0,0
them****,,,False,1,2025-02-21T12:15:30+0900,851931384095178926,0,0,0
jesu****,1Clgq,예상했다 즈그 맘대로 안되면 다 주작이고 종북이고 빨겡이고.. ㅉㅉ,True,1,2025-02-21T12:14:42+0900,851931332605903117,0,0,0
2win****,7K6Mt,사주받거나 압박받은 한갤,True,1,2025-02-21T12:13:00+0900,851931223151345666,0,0,0
myun****,,,False,1,2025-02-21T12:10:49+0900,851931082877042971,0,0,0
wltj****,,,False,1,2025-02-21T12:10:17+0900,851931048936734813,0,0,0
smil****,4vNRZ,"흔히 보이지 근혜때도 그랬고
여론 선동 조작",True,1,2025-02-21T11:57:40+0900,851930236130951429,0,0,0
bsm9****,2h5eQ,"어 어
한겨레네",True,1,2025-02-21T11:53:35+0900,851929972359561450,0,0,0
yoon****,37YAE,제정신 돌아오는 중.,True,1,2025-02-21T11:45:41+0900,851929463422714122,0,0,0
leey****,dyiax,정치가 법의 통치를 추월하면 국민들 앞에 펼쳐지는 것은 매우 가파른 내리막길뿐이다. 그 길을 걷고 싶지 않아도 그냥 미끄러져 내려간다.,True,1,2025-02-21T11:40:28+0900,851929127375077569,0,0,0
rokm****,1rhtW,"재명이 대통령 앉힐려고 용쓴다, 빳빳한 형상기억종이에 재명이 엄청 찍어서 투표함에 넣어라,",True,1,2025-02-21T11:40:23+0900,851929122140586152,0,0,0
hmfe****,5iWHB,"나라 망했는데 , 다음세대가 블쌍하다, 쓰레기가 된다니 ,지지자들은 블상하다",True,1,2025-02-21T11:40:09+0900,851929107544408131,0,0,0
p858****,,,False,1,2025-02-21T11:34:02+0900,851928713648930835,0,0,0
nosc****,4Gvbt,"근데 개딸들이 즐겨쓰는 보수는 ""  형지수보 ""  의 줄인 말인가 ?",True,1,2025-02-21T11:33:51+0900,851928700915024213,0,0,1
getm****,,,False,1,2025-02-21T11:31:16+0900,851928535256793179,0,0,0
limy****,4N6hP,"이게 정상이지.
내란 일으킨 정당 지지율이 높다는게 미친것이지.
대한민국 국민들이 그렇게 이상한 사람들이 많다면 절망적인 나라지.
혹시나하고 광란의 칼춤 춘 윤상현 나경원 쌍권총...
반성하고 찌그러져있어라..",True,1,2025-02-21T11:28:49+0900,851928377500631376,0,0,0
yasf****,mk4l,준석열이는 2% 인건가? 개혁신당 문제로 반등이 쉽지가 않아보이네요.,True,1,2025-02-21T11:27:51+0900,851928314971947340,0,0,0
eyug****,29CCG,"검찰들아 뒷 돈 좀 챙겼나? 왜 질질 끄는거니? 돈에 환장했니? 그럼 콜걸과 똑 같으네? 김거니가 청렴결백한 서울의소리 이명수 기자도 1억에 낚을려다가 실패했다. 내란범들을 즉각 구속하고 윤씨를 탄핵ㆍ파면 하고 사형에 처하라 서민들이 죽어나가도 나와 무관하다는거니? 

현재 우리나라는 주가조작이 가능한 나라로 낙인이 찍혀서 주식시장에서 외국인들이 다 빠져 나가서 주식이 바닥을 치니 기업들이 자금조달이 안되어서 경제가 회복 불능 상태에 빠졌다 윤똥에 이어서 주가조작 범인도 즉각 구속 해야 한다",True,1,2025-02-21T11:24:46+0900,851928116111606045,0,0,0
skt3****,,,False,1,2025-02-21T11:24:41+0900,851928111212658965,0,0,0
21cn****,2e3GP,"국힘이 34나 나와? 
9%가 적정수준일듯...",True,1,2025-02-21T11:23:05+0900,851928007915339822,0,0,0
smfv****,4sfqN,석열과 공범들 다 잘가고 허황된 꿈꾸는 먹사+추종자들도 잘가길 전세계가 계엄한 윤석열을 미쳤다고 하고 나라가 망해간다 빠르게 다시 세우자,True,1,2025-02-21T11:21:39+0900,851927914986340588,0,0,0
jxfb****,,,False,1,2025-02-21T11:17:04+0900,851927619740893222,0,0,0
bosc****,1GVZ0,이상한데,True,1,2025-02-21T11:15:51+0900,851927541659730270,0,0,0
seun****,,,False,1,2025-02-21T11:13:35+0900,851927396067049707,0,0,0
nick****,3XEar,대통령후보는 둘째치더라도 탄핵은 제정신이면 시켜야한다는게 주긴하네,True,1,2025-02-21T11:00:15+0900,851926536419278953,0,0,0
baks****,2JGRI,"중도들은 설문에 거의 참여하지 않는다!!  중도층이 설문에 참여했는데 유승민, 안철수 1%라는것은 말도 안된다!! 중도들은 이재명을 싫어하고 또한 그것이상으로 극우들을 싫어한다!! 그래서 중도들이 설문엔 대체로 참여하지 않는다는것을 반증하는것이다!!",True,1,2025-02-21T10:55:20+0900,851926220302975129,0,0,0
k681****,6EfVX,"보궐선거의 원인을 제공한 정당, 그것도 내란옹호 및 동조정당으로 위헌정당해산될 정당이 대선후보를
낸다는 게 말이 되는가? 국민의 힘이 정말로 국민의 적이 되지 않으려면 진정한 석고대죄를 해야 한다.",True,1,2025-02-21T10:54:08+0900,851926142674796605,0,0,0
6435****,3zqjc,윤석열이 깜방에가니까 국힘당 지지율오르죠  윤석열  사 형집행 하면   국힘당 지지율100%찍을듯  여론조작도 적당히 해라  자기부모국적이 일본이고 김구선생을중국 국적이라는 김문수가  대선후보라니  이게 조작이지,True,1,2025-02-21T10:52:51+0900,851926059577246064,0,0,0
hgr9****,3LnUW,반대 34% 볼때마다 소름끼쳐요,True,1,2025-02-21T10:52:04+0900,851926009547587611,0,0,0
tick****,3eMRg,이재명이 무섭긴 무서운 모양이네.,True,1,2025-02-21T10:52:02+0900,851926007785979919,0,0,0
stos****,,,False,1,2025-02-21T10:49:16+0900,851925829108629635,0,0,0
wldu****,,,False,1,2025-02-21T10:48:47+0900,851925797399691655,0,0,0
wlak****,2b2Lv,보수과 표집인데도..이정도 ㅎㅎㅎ,True,1,2025-02-21T10:48:25+0900,851925773777371367,0,0,1
sumo****,4At7r,"광주 한지역에서 여론조사 네.

ㅋㅋ",True,1,2025-02-21T10:41:27+0900,851925325909590212,5,6,0
luvi****,2F2pc,탄핵찬성 90%,True,1,2025-02-21T13:28:26+0900,851936082957172892,3,4,0
wans****,aHVrQ,윤석열 대통령 지지율이 50퍼가 넘은채로 계속 유지중인데 탄핵찬성 여조가 이렇다고 ???? ㅋㅋㅋㅋ 어느 중공북괴들이 믿냐,True,1,2025-02-21T12:33:17+0900,851932529777705073,3,4,2
mnh0****,2iOYu,"아무리  썩어도
이 은안된다
부패에   썩어가는자다
김정은 따라갈것이다",True,1,2025-02-22T23:27:47+0900,852067467583815872,2,3,0
kyeo****,9dJn6,"썩열이는온갖막꾸라지법을
이용하고
혼자이기적인생각에
한치의반성없는파렴치한썩열입니다
파면파면이답입니다",True,1,2025-02-22T11:05:44+0900,852019661628244155,2,3,0
diva****,bEV72,윤석열 김건희 사형도 찬성합니다~~~~~~~~~~~~~~~~~~~!!!,True,1,2025-02-21T13:07:20+0900,851934724053008518,2,3,0
davi****,c3VL6,뇌가 없는 국민이 60%나 된다니... 놀랍군,True,1,2025-02-21T12:57:16+0900,851934075915599969,2,3,2
sks1****,2MuAn,"윤대통령은 진짜로 국정 운영을 개판으로 한 멍청한 대통령이 될 것이다. 얼마나 생각이 없으면 함부러 계엄을 선포하였는가? 김건희 여사는 더 심각한 문제가 있다고 본다. 그래서 국민들은 탄핵과 상관없이 윤대통령 부부를 꼴도 보기 싫어한다. 오죽하면 범죄자 이재명보다 더 싫어해서  총선에서 참패하지 않았는가? 본인의 문제점이 무엇인지 제대로 알고, 반성을 제대로 해야 할 것이다.",True,1,2025-02-21T12:34:13+0900,851932589907247182,2,3,1
supe****,2ieXv,ㅋㄱㅋㅋㄱㅋㅋㅋㄱㅋㅋㅋㅋㄱㄱㄱㄱㄱㅋㅋㄱㄱㅋㅋㅋㅋㅋㄱㅋ 응 안 믿어 ㅋㅋㄱㅋㄱㄱㅋ 찢가한테 고발당할까봐 여론조작 ㅋㅋㅋㅋㄱㅋㅋㅋㄱㄱㅋㅋㅋㄱㅋ찢가 낮게 나오면 민주당이 고발 ㅋㅋㄱㅋㅋㅋㄱㅋㅋㅋㄱㅋㅋㅋ지금 실제 대세여론은 이재명은 아닙니다 이재명 절대 아닙니다 이재명은 안 됩니다 입니다:),True,1,2025-02-21T12:23:41+0900,851931911302414599,2,3,0
kyeo****,9dJn6,"국힘은해체하라
썩열이파면답이다
기각하면2차계엄한다",True,1,2025-02-22T10:59:06+0900,852019234027339801,1,2,0
pcs6****,2XcHW,"나는 계엄직후부터 윤통을 반대하고, 탄핵을 찬성했다! 탄핵찬성이라 하여,  이재명을 지지한다는 거는 아니다!  MBC등 일부 언론과 좌파 유투브 방송에서는 연일 윤통을 비판하고, 이재명 띄우기에 집중하고 있다!  이는 옳지 않다!  문재인의  실정으로 아직도 많은 국민이 힘들어한다!  부동산 정책실패와 최저임금 급등, 삼성 괴롭힘, 52시간 근로 강제화등은 나라의 경쟁력 상실과 경제침체를 불러왔다!  이재명은 지금도 형사사건으로 여러 재판을 받고 있다! 이런 사람이  대통령이 되면, 대한민국은 미래가 없다고 생각한다!",True,1,2025-02-22T05:30:31+0900,851998065408606244,1,2,0
hang****,2mYlG,국짐당 김문수로 대선후보 확정해라~~ㅋㅋ,True,1,2025-02-22T00:14:25+0900,851977699982311523,1,2,0
jp79****,36x32,ㅋㅋㅋ종북친중세력에게 연락하나보네,True,1,2025-02-21T20:26:21+0900,851963007083741305,1,2,0
bibi****,2d6JuW,범죄혐의자는걸러야죠~할사람이없어서 범죄자를대통령으로??어의없음,True,1,2025-02-21T20:22:40+0900,851962769837129918,1,2,0
dlae****,cyvyr,"와 이찍이들 소굴이네 여기도ㅎㅎ
반대가 더높게나왓으면 또ㅋㅋㅋ제대로된 언론사라고 
떠들고 난리칠꺼면서ㅋㅋ 찬성이 더나오니깐 욕이란욕은
부들부들 거리네ㅋㅋ어휴 극우들 어찌할꼬ㅋㅋㅋ",True,1,2025-02-21T16:34:03+0900,851948041370861597,1,2,1
love****,1eKue,무슨 찬성집회보다 반대집회가 사람이 더 많다고 큰소리치더니 고작34%가지고 더 많다고 자랑한거냐?ㅋㅋㅋㅋ 아니면 집회참석자들중에 배신자라도 있었나?ㅋㅋㅋㅋ,True,1,2025-02-21T15:40:36+0900,851944597729837286,1,2,0
say1****,Lzmw,전과자 죄묭이형 화이팅!!ㅎㅎㅎㅎ,True,1,2025-02-21T15:16:27+0900,851943042431582373,1,2,0
schs****,lAPz,반대 34는 뭐냐? 범죄자 친인척이냐?,True,1,2025-02-21T14:21:46+0900,851939519082004780,1,2,0
sdp0****,4A1PH,그냥 평범한 국민 한사람 생각은  당연히 탄핵은 되야  한다고 생각한다.    정당하지 못한 계엄은  두번다시  없어야  되니까?,True,1,2025-02-21T13:33:33+0900,851936413283778782,1,2,0
wonj****,,,False,1,2025-02-21T13:30:09+0900,851936193351254079,0,0,0
sgch****,168Xb,대통령감에 김문수 등이 오르내리는 게 국민으로서 창피할 따름이다,True,1,2025-02-21T13:27:25+0900,851936017911906448,1,2,0
kbs6****,2ZH4U,가짜여론조사.,True,1,2025-02-21T12:49:54+0900,851933600818397543,1,2,0
godt****,2WRKN,거짓말이야.거짓말이야. 헌재 재판 종료 임박하니 좌파여론기관들 선동질 허네,True,1,2025-02-21T12:49:06+0900,851933549345898540,1,2,0
jins****,cxAnb,용산이무기는 사형이고 차기 대통령은 누가 뭐래도 이재명이다,True,1,2025-02-21T12:38:19+0900,851932854400057459,1,2,1
luda****,,,False,1,2025-02-21T12:34:29+0900,851932607506546852,0,0,0
sogn****,5daxu,이재명 통되면  국적없는 범죄집단 2찍들 대한민국에서 떨어져 나갈까? 궁굼타^^,True,1,2025-02-21T12:23:44+0900,851931915094065408,1,2,0
chic****,2xy6L,제발   !!!!  이재명없는   깨끗한  세상에서  살고싶다,True,1,2025-02-21T12:13:54+0900,851931281217290566,1,2,0
kim9****,1AQl3,김정은 같은 권력을 누리면서 북한 같은 나라를 만들려고 한 진정한 종북주사파 쉒... 당연히 조기 탄핵시키고 빨리 나라꼴 정리 좀 하자... 뉴스 듣고 보기도 피로하다... 거짓부렁+헛소리+멍멍이소리도 정도껏 해대야지... 윤모 종북주사파쒝 말이여...,True,1,2025-02-21T12:09:08+0900,851930974731108399,1,2,1
lwh6****,25f8y,탄핵되지 않는다면 헌법은 존재할 이유가 없어진다. 헌법은 폐지해야 하는 것이다. 무용지물...,True,1,2025-02-21T12:02:16+0900,851930532332699743,1,2,0
egm8****,dsurK,거짓여론조사 안믿는다 또 우매한 국민들 선동하려고 애쓴다 이제는 그렇게는 안될거다 여론조사가 그렇게 나오는데 왜 전국 각대학에서 탄핵반대 시국선언이 이어지냐 아이러니하네 이것도 기사라고,True,1,2025-02-21T11:46:20+0900,851929505248313490,1,2,0
ycso****,5W9lE,"범죄자 점꼬치 찢점명이가 혼내겠다는데 갤럽이 말안들을수 있나..., 안그러면 회사가 다 찢어지는데...",True,1,2025-02-21T10:43:14+0900,851925440464420965,1,2,0
whwe****,2s26z,"정청래 범죄 이력
정청래 의원은 과거에 몇 가지 범죄 이력
가지고 있습니다. 대표적인 사건으로는
1988년 건국대학교 산업공학과 4학년에
재학 중이던 시절, 주체사상 책을 복사하여
배포한 혐의로 국가보안법 위반으로 구속된
사건이 있습니다 1 . 또한, 1989년에는
미국 대사관저에 난입해 사제폭탄을 던진
혐의로 구속 기소되었으며, 징역 2년과
자격정지 2년을 선고받았습니다 1
이 외에도 여러 정치 활동과 관련된
사건들이 있습니다. 더 자세한 정보는
여기에서 확인할 수 있습니다. 윤석열 탄핵 인용 시 정청래 SNS 뵘죄 저지른 이력",True,1,2025-02-23T16:38:28+0900,852133868365414510,0,1,0
good****,6nxXN,국힘은 김문수가 답이다   다른인간들은 힘들어,True,1,2025-02-22T16:24:06+0900,852040171439259678,0,1,0
soo2****,,,False,1,2025-02-22T10:30:29+0900,852017390244855934,0,0,1
shjc****,6IuOI,내란당 해체!!  윤거니 구속!!!,True,1,2025-02-22T08:34:29+0900,852009916615884877,0,1,0
rain****,24IdL,"여론조사 왜하냐… 한창 바쁘게 일하고, 공부하고, 애 보구, 친구만나고, 집안 일하고, 거래처 만나고, 회사에서 일하는 사람들이
그거 누르고 앉아 있을 시간이 어딨냐 솔직히… 참내.. 백수, 아니면 내란의 힘 아니면 노인들 뿐이지",True,1,2025-02-21T20:55:56+0900,851964912975479038,0,1,0
pjg1****,250gZ,"당연히 탄핵이지 .아니 진짜 윤석열 지지자들아 이해가 안되서그래 이재명을 싫어 하는건 이해가 된다.
그런데 왜  미국 국기까지 흔들면서 윤석열을 지지 하는거냐?",True,1,2025-02-21T18:34:06+0900,851955775331893273,0,1,0
mast****,17q8x,정은이 개돼지,True,1,2025-02-21T17:26:08+0900,851951397283823664,0,1,0
muju****,3GUip,북한에서 했냐 기자야,True,1,2025-02-21T15:25:57+0900,851943654162432369,0,1,0
sang****,e2WnI,이재명 화이팅,True,1,2025-02-21T15:24:43+0900,851943574789423363,0,1,0
kyun****,,,False,1,2025-02-21T14:14:12+0900,851939031905206348,0,0,0
kkun****,31yf4,믿을수잆는. 주위대부분탄핵 반대이던데 민주당키리했나 ?어디로조사온건지 한번도 않오던데,True,1,2025-02-21T13:26:41+0900,851935970314944754,0,1,0
msse****,9VyaY,"탄핵찬성, 재명이는 반대",True,1,2025-02-21T12:56:28+0900,851934023453245624,0,1,0
bgs0****,1X25F,말도 안되는 조사결과 ㅉㅉ,True,1,2025-02-21T12:54:54+0900,851933922504737108,0,1,0
shim****,,,False,1,2025-02-21T12:43:10+0900,851933167077032005,0,0,0
a427****,1q3Zc,반대 34%라꼬?  개가 똥싸놓고 똥이라고 묻는 질문했나보네...,True,1,2025-02-21T12:40:46+0900,851933012240105776,0,1,0
sona****,1WqOV,손바닥으로하늘을 가려라 웃기네  중공깨장들과 조선죄극좌들만 자기위로 하겠지,True,1,2025-02-21T12:38:17+0900,851932852185464943,0,1,0
aska****,1VePr,듣보잡 보수 언론사에서 하는거 빠지고  공신력잇는곳에서 하니 달라지네ㅋ,True,1,2025-02-21T12:35:59+0900,851932704713736560,0,1,0
haru****,1XPwF,??? 아 한ㄱㄹ 잖아 ㅋㅋㅋㅋ,True,1,2025-02-21T12:21:37+0900,851931779014066402,0,1,0
frui****,7gucK,FACT CHECK: 전국 지지율 50% 2030 전국 지지율 53% 서울 거주자 30대 지지율 60% 육박!!!!!!!!!!!!!!!!!,True,1,2025-02-21T12:17:59+0900,851931544300814686,0,1,0
by88****,I6gU,아 종북한겨례..북으로가라,True,1,2025-02-21T12:14:28+0900,851931318496264390,0,1,0
toga****,twhC,이제야 제대로 나오네요~~ㅎㅎㅎ,True,1,2025-02-21T11:40:26+0900,851929125294702769,0,1,0
sher****,4sQ4x,갤럽이 압박을 많이 받았나보네 ㅋ,True,1,2025-02-21T11:29:02+0900,851928391039844374,0,1,0
yopl****,2yxEI,응답률 14.1% 1002명 한테 설문조사한게 크게 의미가 있나??,True,1,2025-02-21T11:27:22+0900,851928283715993743,0,1,0
just****,,,False,1,2025-02-21T11:17:10+0900,851927626200121404,0,0,0
higo****,2E8JE,한괴레 어용사들~~^^,True,1,2025-02-21T11:14:13+0900,851927436365922392,0,1,0
hbd2****,63y1s,다음 대통령은 이재명이란 광고이네. 구지 투표할일 없네.,True,1,2025-02-21T10:52:31+0900,851926038890938636,0,1,0
lege****,4VPgs,탄핵반대! 민주당 해체가  60~70% 다!!!,True,1,2025-02-21T12:34:15+0900,851932592943923290,3,5,1
a920****,4i8xe,"한국정부는 이재명 전라도민주당에게 비상계엄이 아니라, 전쟁선전포고를 해야 한다!",True,1,2025-02-21T12:57:25+0900,851934085478613127,2,4,0
4sys****,2BCxI,"엉터리  좌파 개럽  그들만이 여론조사 !
보수라고 얘기함 전화 끊어버리던지 조사티오가 완료되어 상담 안해도 된다고 하며 끊음 !",True,1,2025-02-21T12:38:58+0900,851932896745750884,2,4,0
song****,,,False,1,2025-02-21T10:46:12+0900,851925631942787163,0,0,0
kjh2****,HFm3,더불어공산당이 검열하는 여론조사는 국민들은 믿지않는다.,True,1,2025-02-22T14:42:00+0900,852033594116276227,1,3,0
daeg****,esXQI,"이재명.민주당으로 나라 꼴이 말이 아니다. 이재명 간접 살인자,대통되면  전 세계적으로 망신이다. 민주당의원 중에 국민 생각하는 자, 한 명도 없더라. 이재명, 구속이 답이다. 이낙연님 대선 나오십시요.",True,1,2025-02-22T11:51:27+0900,852022606633631833,1,3,0
anyo****,14vtf,탄핵반대가 40프로 라니 그게더 충격이네,True,1,2025-02-21T17:12:24+0900,851950511849472148,1,3,0
japn****,5roH9,"빨리  대선이나 치루자, 정권 바뀌고 거짓유투버들 내란 선동으로 총살을 시키든 무기를 때리든,  우리도 전두환이 흉내 좀 내보자. 삼청교육대 비슷한 거 만들어서 나라를 이분하는 이런 황충들 싹 다 잡아 넣을 수 있는 커다란 수용소 하나 만들자! 3월 중순에는 ""대통령(참 나) 윤석열이를 파면한다"".",True,1,2025-02-21T14:15:21+0900,851939106228273293,1,3,1
taei****,1Dlnt,도대체 34%의 사람들은 누구일까.... 진짜 마주쳐 보고 싶다.,True,1,2025-02-21T13:12:00+0900,851935024063184900,1,3,1
kjsb****,2Dx9D,"윤석열이가 저지른 죄가 몇개일까? 내란죄, 외환죄, 12.3내란 선동죄, 1.19폭동 선동죄, 국회의원들을 종북세력이라고 비방한 명예훼손죄, 명태균과 여론조작 부정선거 자행한 선거법위반죄, 선거관리위원회를 침탈한 죄 등등 내란수괴자 윤석열 범죄가 10범은 되겠다.",True,1,2025-02-21T12:48:02+0900,851933480878080020,1,3,0
naks****,,,False,1,2025-02-21T12:46:43+0900,851933395196838151,0,0,0
hair****,,,False,1,2025-02-21T12:20:24+0900,851931700547027104,0,0,1
atla****,ankVA,한겨레는 사명을 반겨레로 바꿔라~ 홍위병 앞잡이가 무슨 한겨레냐? 겨레를 걸래로 만들지 말고 선동.왜곡 보도 당장 멈추어라!,True,1,2025-02-21T12:15:25+0900,851931378944573595,1,3,0
newy****,jSXC,장난하냐 어제 다른 여론조사기관에선 국힘이 오차범위 밖으로 이기고 있더만!!  구라갤럽,True,1,2025-02-21T11:36:27+0900,851928868838179007,1,3,0
cosm****,,,False,1,2025-02-21T11:34:07+0900,851928718061338678,0,0,0
skar****,3BZOX,이재명대통령님 축하드립니다 국정을 잘이끌어서 다시는 국짐넘들한테 정권을 내주지말아야합니다 물론 못하면 지지철회할것입니다,True,1,2025-02-21T11:27:21+0900,851928282390593677,1,3,0
peul****,6xWdm,민주당 이 탄핵남발 과 정부정책을 모두반대하여  발생한  계엄령 인데  윤석렬 에 경솔함도 잘못 되었지만  이재명 을 감싸기윗한 범죄집단 들의 행태를 어떻게 지지할수있나  국민은 현명한 사람이  더 많다,True,1,2025-02-21T10:40:54+0900,851925290459332956,1,3,0
eunc****,33gvr,국힘당 해체해야한다 탄핵당하고  지지율 더떨어진다 최소한 윤석열 잘못은 인정하고  그토대위에 보수결집을해야지 계엄을 옹호하는정당이 제정신 이냐  계속 개신교 전광훈 황교안 보수 유투버 데리고  탄핵반대 집회해라  헌재 재판관들이 윤석열 거짓말 모르겠냐  조금있음 명태균 황금폰 공개함  지지율 한자리수된다,True,1,2025-02-22T03:33:03+0900,851990497441349639,0,2,0
kang****,,,False,1,2025-02-21T23:27:53+0900,851974702900445400,0,0,0
kljd****,3Gf11,ㅋ 누가 믿냐. 2030만해도 50%넘는다  탄핵절대무효!!!,True,1,2025-02-21T21:34:42+0900,851967410683510981,0,2,0
pant****,2cGpFz,갤럽 장난하냐 탄핵찬성이 90프로는 될텐데.. 그래도 김뭉수가 1위라서 다행이갘ㅋㅋㅋ 아무나 나와도 김뭉수는 이곀ㅋㅋㅋ 아이큐 2자리 2찍이들이 쩐항길에게 선동당해서 김뭉수 1위 밀고 있어서 아주 좋넼ㅋㅋㅋ,True,1,2025-02-21T18:42:26+0900,851956312639012991,0,2,0
woal****,3WZqG,부정선거 증거영상 다들 본건가? https://youtu.be/F3zieapDVoc?si=aG_FofErSv9uut2p,True,1,2025-02-21T16:49:52+0900,851949060318298436,0,2,0
leeg****,hG0F,정상으로 돌아오고 있군ㆍ그전엔 영 미덥지 않더니ᆢ,True,1,2025-02-21T14:15:49+0900,851939135621955901,0,2,0
tomm****,,,False,1,2025-02-21T13:15:35+0900,851935255001563337,0,0,0
tmdw****,bJf9B,계엄피해자 0명 이재명 최측근 사망자7명,True,1,2025-02-21T13:09:11+0900,851934843439677527,0,2,0
5811****,,,False,1,2025-02-21T12:49:54+0900,851933600633848126,0,0,1
vvv0****,4ycHy,한겨레가 뭐라해도 안믿는다,True,1,2025-02-21T12:41:01+0900,851933028329455626,0,2,0
okok****,1ryWe,범죄자 재명인 싫어여 그 범죄자 재명이를 지지하는 사람들 가스라이팅에서 벗어나세요. 아님 공산범죄국가에서 살게되요. 범죄자 재명아 넌 안돼,True,1,2025-02-21T12:40:48+0900,851933014102376763,0,2,0
harr****,gyTu,"개돼지 비율 30퍼센트, 내란 좀비들",True,1,2025-02-21T12:38:30+0900,851932866093777075,0,2,0
top0****,5hghJ,이재명 민주당이 여조기관협박하더니 여조기관들 바로 민주당 앞잡이노릇 잘하는군,True,1,2025-02-21T12:34:35+0900,851932614334873811,0,2,0
jys4****,b8uHU,김구선생님이 중국국적이래 ㅎㅎ,True,1,2025-02-21T12:05:46+0900,851930757113839901,0,2,0
ssck****,QcyN,60대30이면 기각이네 헌법재판관 5 인용 3기각,True,1,2025-02-21T11:57:50+0900,851930245928845633,0,2,0
drea****,2iMMk,쓰레기 언론조사. 한국캘럽은 더이상 국민들을 바보로 취급하고 기만하고 우롱하며 개무시하지 말아라,True,1,2025-02-21T11:38:00+0900,851928968394178562,0,2,0
moon****,9uzdl,지금극우들이랑 전한길 이놈이 교회신도들동원해서 탄핵반대가70프로라고 선동중이다 한국갤럽탄핵 찬성 60으로오름,True,1,2025-02-21T19:06:51+0900,851957885268132147,3,6,0
rkad****,oyrE,탄핵/파면은 이미80%,True,1,2025-02-21T13:39:13+0900,851936778372776029,2,5,0
hs66****,bC7B8,"한걸래가 발표한내용을 누가믿냐~개딸이면 몰라도,",True,1,2025-02-21T12:36:58+0900,851932767796068702,2,5,1
ghjk****,6W7Eg,반대가 아니구요?? 탄핵 반대가 60% 고 찬성이 34% 아니예요??,True,1,2025-02-22T01:15:06+0900,851981610080272397,1,4,0
kcc9****,,,False,1,2025-02-21T13:13:30+0900,851935120834166986,0,0,0
bks8****,1Wgbr,지난주 광주 집회로 전국민심은 리얼로 다 확인되었고 그건 민주당과 이재명 등장은 체제불안으로 더 싫다라는거 였다. 비정치적 헌재 재판관 4명과 대통령 측과 그동안 충분한 의견 교환이 있었고 여론의 확실한 지지 제고방향을 대통령이 받아 들인모양이다. 오늘 대통령은 자신감으로 복귀를 언급했다. 탄핵이던 기각이던 국가가 쪼개지는일이고 대통령이 최후 진술때  개헌을 통해 다시는 입법이 행정을 흔드는 것을 방지와  4년제 중임과 권력구조 개편 선거제도 개편등을 년내 퇴임조건으로 합의를 본거 라고 본다.6.29 와 같은 해결방식이다.,True,1,2025-02-21T12:48:53+0900,851933535303369058,1,4,0
lege****,4VPgs,공산당 여론조작질 쩐다 쩔어,True,1,2025-02-21T12:35:20+0900,851932662586146936,1,4,0
jsb5****,1Vswl,mbc.jtbc.한겨레.경향은 더불고발당과 이죄명의 나팔수... 저급한 찌라시.,True,1,2025-02-21T12:19:28+0900,851931639628955814,1,4,0
yoon****,,,False,1,2025-02-22T06:25:14+0900,852001590117138457,0,0,0
fda2****,3q2Ir,이재명 화이팅 이재명 무죄 응원합니다 이재명 무죄 이재명 👍,True,1,2025-02-21T21:20:49+0900,851966516105576721,0,3,0
kwj0****,,,False,1,2025-02-21T20:54:48+0900,851964840195915993,0,0,0
ws82****,ci2Xt,계엄은 엄연히 잘못됐다 탄핵이 답이다!!!,True,1,2025-02-21T14:39:38+0900,851940669965467856,0,3,0
ksgk****,,,False,1,2025-02-21T12:32:00+0900,851932447401574406,0,0,0
heey****,2E97G,"국민들이 정신차려라 이재명은 대통령안된다 
지금까지 민주당이 당선된건 부정선거야 아직도 몰라? 답답하다 당신같은 국민들때문에 우리같은 국민들이 개피보는거야",True,1,2025-02-21T12:55:56+0900,851933989680709978,2,6,0
innb****,1I3RP,윤 모지리는 사형이 맞습니다 지금 온 국민이 얼마나 힘들고 고통받는데 저런 인간한테 세금으로 밥을 먹인다니  하루라도 빨리 쥴리랑 이 세상에서 없애야 합니다 얘네들 티비에 나오는거 정말 보기 싫습니다 제발 부탁합니다 빨리 제거해 주세요,True,1,2025-02-21T16:35:50+0900,851948156311568730,1,5,2
yoyo****,cwV4a,한겨레가 60%라고 했으면...현실은 50대50이겠네...,True,1,2025-02-21T13:07:36+0900,851934741031551228,1,5,0
kku4****,2cl8ct,법 무시한 과격한 극우들이 날뛰어야  이재명 대표가 80%로 더간다,True,1,2025-02-21T17:00:22+0900,851949736742092935,0,4,0
drag****,etkyG,라도애들 대상으로 조사한 결과냐?,True,1,2025-02-21T11:24:55+0900,851928125842391411,0,4,0
diei****,,,False,1,2025-02-21T11:23:06+0900,851928009022636061,0,0,0
080b****,2F1Yf,더불어강간당아 갤럽 조사한건 맘에 드냐? 잡것들.,True,1,2025-02-21T11:35:58+0900,851928838001656224,1,6,0
sm08****,3v8kW,헌법개판소는 가루가되어 사라져야한다,True,1,2025-02-21T12:49:18+0900,851933562365018246,0,5,2
jk00****,LbBk,한겨레 답다  ㅋ 누가믿어?!!,True,1,2025-02-21T12:45:11+0900,851933297016569927,2,8,2
myk1****,1q6Pj,"한겨레  열일한다. 간만에 여론조사 보도하네!!!  지는 여론조사는 이기는 여론조사는 보도, 민주당 행태를 그대로 보여주네 !!!  이러고도 언론의 길을 간다고 생각 하는지!!",True,1,2025-02-21T12:59:32+0900,851934221072072885,0,6,1
324a****,5Ff0S,이게탄핵이면 자동차 신호위반은 구속해야겄다,True,1,2025-02-21T12:52:23+0900,851933760956924018,0,8,2
